0.000000000000000  0.653656453359872  0.000001000000000
0.001000000000000  0.654284130445914  0.000001000000000
0.002000000000000  0.654912629428077  0.000001000000000
0.003000000000000  0.655541952173631  0.000001000000000
0.004000000000000  0.656172100555401  0.000001000000000
0.005000000000000  0.656803076451792  0.000001000000000
0.006000000000000  0.657434881746811  0.000001000000000
0.007000000000000  0.658067518330081  0.000001000000000
0.008000000000000  0.658700988096871  0.000001000000000
0.009000000000000  0.659335292948110  0.000001000000000
0.010000000000000  0.659970434790412  0.000001000000000
0.011000000000000  0.660606415536098  0.000001000000000
0.012000000000000  0.661243237103213  0.000001000000000
0.013000000000000  0.661880901415553  0.000001000000000
0.014000000000000  0.662519410402682  0.000001000000000
0.015000000000000  0.663158765999960  0.000001000000000
0.016000000000000  0.663798970148556  0.000001000000000
0.017000000000000  0.664440024795477  0.000001000000000
0.018000000000000  0.665081931893590  0.000001000000000
0.019000000000000  0.665724693401637  0.000001000000000
0.020000000000000  0.666368311284267  0.000001000000000
0.021000000000000  0.667012787512052  0.000001000000000
0.022000000000000  0.667658124061510  0.000001000000000
0.023000000000000  0.668304322915129  0.000001000000000
0.024000000000000  0.668951386061392  0.000001000000000
0.025000000000000  0.669599315494793  0.000001000000000
0.026000000000000  0.670248113215867  0.000001000000000
0.027000000000000  0.670897781231209  0.000001000000000
0.028000000000000  0.671548321553498  0.000001000000000
0.029000000000000  0.672199736201521  0.000001000000000
0.030000000000000  0.672852027200194  0.000001000000000
0.031000000000000  0.673505196580587  0.000001000000000
0.032000000000000  0.674159246379950  0.000001000000000
0.033000000000000  0.674814178641732  0.000001000000000
0.034000000000000  0.675469995415607  0.000001000000000
0.035000000000000  0.676126698757497  0.000001000000000
0.036000000000000  0.676784290729598  0.000001000000000
0.037000000000000  0.677442773400403  0.000001000000000
0.038000000000000  0.678102148844723  0.000001000000000
0.039000000000000  0.678762419143718  0.000001000000000
0.040000000000000  0.679423586384914  0.000001000000000
0.041000000000000  0.680085652662232  0.000001000000000
0.042000000000000  0.680748620076013  0.000001000000000
0.043000000000000  0.681412490733040  0.000001000000000
0.044000000000000  0.682077266746565  0.000001000000000
0.045000000000000  0.682742950236331  0.000001000000000
0.046000000000000  0.683409543328603  0.000001000000000
0.047000000000000  0.684077048156185  0.000001000000000
0.048000000000000  0.684745466858453  0.000001000000000
0.049000000000000  0.685414801581376  0.000001000000000
0.050000000000000  0.686085054477542  0.000001000000000
0.051000000000000  0.686756227706186  0.000001000000000
0.052000000000000  0.687428323433211  0.000001000000000
0.053000000000000  0.688101343831221  0.000001000000000
0.054000000000000  0.688775291079541  0.000001000000000
0.055000000000000  0.689450167364244  0.000001000000000
0.056000000000000  0.690125974878180  0.000001000000000
0.057000000000000  0.690802715821000  0.000001000000000
0.058000000000000  0.691480392399185  0.000001000000000
0.059000000000000  0.692159006826069  0.000001000000000
0.060000000000000  0.692838561321868  0.000001000000000
0.061000000000000  0.693519058113707  0.000001000000000
0.062000000000000  0.694200499435647  0.000001000000000
0.063000000000000  0.694882887528711  0.000001000000000
0.064000000000000  0.695566224640913  0.000001000000000
0.065000000000000  0.696250513027283  0.000001000000000
0.066000000000000  0.696935754949897  0.000001000000000
0.067000000000000  0.697621952677902  0.000001000000000
0.068000000000000  0.698309108487549  0.000001000000000
0.069000000000000  0.698997224662212  0.000001000000000
0.070000000000000  0.699686303492426  0.000001000000000
0.071000000000000  0.700376347275908  0.000001000000000
0.072000000000000  0.701067358317588  0.000001000000000
0.073000000000000  0.701759338929638  0.000001000000000
0.074000000000000  0.702452291431500  0.000001000000000
0.075000000000000  0.703146218149912  0.000001000000000
0.076000000000000  0.703841121418943  0.000001000000000
0.077000000000000  0.704537003580016  0.000001000000000
0.078000000000000  0.705233866981941  0.000001000000000
0.079000000000000  0.705931713980940  0.000001000000000
0.080000000000000  0.706630546940682  0.000001000000000
0.081000000000000  0.707330368232308  0.000001000000000
0.082000000000000  0.708031180234464  0.000001000000000
0.083000000000000  0.708732985333328  0.000001000000000
0.084000000000000  0.709435785922640  0.000001000000000
0.085000000000000  0.710139584403737  0.000001000000000
0.086000000000000  0.710844383185574  0.000001000000000
0.087000000000000  0.711550184684766  0.000001000000000
0.088000000000000  0.712256991325607  0.000001000000000
0.089000000000000  0.712964805540109  0.000001000000000
0.090000000000000  0.713673629768031  0.000001000000000
0.091000000000000  0.714383466456906  0.000001000000000
0.092000000000000  0.715094318062077  0.000001000000000
0.093000000000000  0.715806187046726  0.000001000000000
0.094000000000000  0.716519075881905  0.000001000000000
0.095000000000000  0.717232987046570  0.000001000000000
0.096000000000000  0.717947923027609  0.000001000000000
0.097000000000000  0.718663886319878  0.000001000000000
0.098000000000000  0.719380879426230  0.000001000000000
0.099000000000000  0.720098904857549  0.000001000000000
0.100000000000000  0.720817965132780  0.000001000000000
0.101000000000000  0.721538062778965  0.000001000000000
0.102000000000000  0.722259200331272  0.000001000000000
0.103000000000000  0.722981380333031  0.000001000000000
0.104000000000000  0.723704605335765  0.000001000000000
0.105000000000000  0.724428877899224  0.000001000000000
0.106000000000000  0.725154200591417  0.000001000000000
0.107000000000000  0.725880575988648  0.000001000000000
0.108000000000000  0.726608006675547  0.000001000000000
0.109000000000000  0.727336495245105  0.000001000000000
0.110000000000000  0.728066044298709  0.000001000000000
0.111000000000000  0.728796656446173  0.000001000000000
0.112000000000000  0.729528334305777  0.000001000000000
0.113000000000000  0.730261080504295  0.000001000000000
0.114000000000000  0.730994897677037  0.000001000000000
0.115000000000000  0.731729788467878  0.000001000000000
0.116000000000000  0.732465755529296  0.000001000000000
0.117000000000000  0.733202801522406  0.000001000000000
0.118000000000000  0.733940929116995  0.000001000000000
0.119000000000000  0.734680140991559  0.000001000000000
0.120000000000000  0.735420439833337  0.000001000000000
0.121000000000000  0.736161828338348  0.000001000000000
0.122000000000000  0.736904309211426  0.000001000000000
0.123000000000000  0.737647885166257  0.000001000000000
0.124000000000000  0.738392558925416  0.000001000000000
0.125000000000000  0.739138333220401  0.000001000000000
0.126000000000000  0.739885210791672  0.000001000000000
0.127000000000000  0.740633194388687  0.000001000000000
0.128000000000000  0.741382286769940  0.000001000000000
0.129000000000000  0.742132490702997  0.000001000000000
0.130000000000000  0.742883808964535  0.000001000000000
0.131000000000000  0.743636244340377  0.000001000000000
0.132000000000000  0.744389799625533  0.000001000000000
0.133000000000000  0.745144477624235  0.000001000000000
0.134000000000000  0.745900281149980  0.000001000000000
0.135000000000000  0.746657213025560  0.000001000000000
0.136000000000000  0.747415276083111  0.000001000000000
0.137000000000000  0.748174473164142  0.000001000000000
0.138000000000000  0.748934807119582  0.000001000000000
0.139000000000000  0.749696280809813  0.000001000000000
0.140000000000000  0.750458897104715  0.000001000000000
0.141000000000000  0.751222658883698  0.000001000000000
0.142000000000000  0.751987569035750  0.000001000000000
0.143000000000000  0.752753630459473  0.000001000000000
0.144000000000000  0.753520846063122  0.000001000000000
0.145000000000000  0.754289218764646  0.000001000000000
0.146000000000000  0.755058751491733  0.000001000000000
0.147000000000000  0.755829447181842  0.000001000000000
0.148000000000000  0.756601308782254  0.000001000000000
0.149000000000000  0.757374339250104  0.000001000000000
0.150000000000000  0.758148541552429  0.000001000000000
0.151000000000000  0.758923918666207  0.000001000000000
0.152000000000000  0.759700473578398  0.000001000000000
0.153000000000000  0.760478209285987  0.000001000000000
0.154000000000000  0.761257128796028  0.000001000000000
0.155000000000000  0.762037235125683  0.000001000000000
0.156000000000000  0.762818531302266  0.000001000000000
0.157000000000000  0.763601020363286  0.000001000000000
0.158000000000000  0.764384705356492  0.000001000000000
0.159000000000000  0.765169589339913  0.000001000000000
0.160000000000000  0.765955675381903  0.000001000000000
0.161000000000000  0.766742966561186  0.000001000000000
0.162000000000000  0.767531465966897  0.000001000000000
0.163000000000000  0.768321176698629  0.000001000000000
0.164000000000000  0.769112101866477  0.000001000000000
0.165000000000000  0.769904244591080  0.000001000000000
0.166000000000000  0.770697608003669  0.000001000000000
0.167000000000000  0.771492195246111  0.000001000000000
0.168000000000000  0.772288009470954  0.000001000000000
0.169000000000000  0.773085053841474  0.000001000000000
0.170000000000000  0.773883331531716  0.000001000000000
0.171000000000000  0.774682845726549  0.000001000000000
0.172000000000000  0.775483599621701  0.000001000000000
0.173000000000000  0.776285596423817  0.000001000000000
0.174000000000000  0.777088839350496  0.000001000000000
0.175000000000000  0.777893331630344  0.000001000000000
0.176000000000000  0.778699076503019  0.000001000000000
0.177000000000000  0.779506077219278  0.000001000000000
0.178000000000000  0.780314337041027  0.000001000000000
0.179000000000000  0.781123859241366  0.000001000000000
0.180000000000000  0.781934647104639  0.000001000000000
0.181000000000000  0.782746703926483  0.000001000000000
0.182000000000000  0.783560033013875  0.000001000000000
0.183000000000000  0.784374637685182  0.000001000000000
0.184000000000000  0.785190521270210  0.000001000000000
0.185000000000000  0.786007687110252  0.000001000000000
0.186000000000000  0.786826138558141  0.000001000000000
0.187000000000000  0.787645878978298  0.000001000000000
0.188000000000000  0.788466911746782  0.000001000000000
0.189000000000000  0.789289240251340  0.000001000000000
0.190000000000000  0.790112867891459  0.000001000000000
0.191000000000000  0.790937798078418  0.000001000000000
0.192000000000000  0.791764034235336  0.000001000000000
0.193000000000000  0.792591579797227  0.000001000000000
0.194000000000000  0.793420438211049  0.000001000000000
0.195000000000000  0.794250612935759  0.000001000000000
0.196000000000000  0.795082107442363  0.000001000000000
0.197000000000000  0.795914925213968  0.000001000000000
0.198000000000000  0.796749069745839  0.000001000000000
0.199000000000000  0.797584544545447  0.000001000000000
0.200000000000000  0.798421353132528  0.000001000000000
0.201000000000000  0.799259499039131  0.000001000000000
0.202000000000000  0.800098985809677  0.000001000000000
0.203000000000000  0.800939817001009  0.000001000000000
0.204000000000000  0.801781996182452  0.000001000000000
0.205000000000000  0.802625526935861  0.000001000000000
0.206000000000000  0.803470412855682  0.000001000000000
0.207000000000000  0.804316657549006  0.000001000000000
0.208000000000000  0.805164264635623  0.000001000000000
0.209000000000000  0.806013237748079  0.000001000000000
0.210000000000000  0.806863580531734  0.000001000000000
0.211000000000000  0.807715296644816  0.000001000000000
0.212000000000000  0.808568389758481  0.000001000000000
0.213000000000000  0.809422863556865  0.000001000000000
0.214000000000000  0.810278721737150  0.000001000000000
0.215000000000000  0.811135968009614  0.000001000000000
0.216000000000000  0.811994606097692  0.000001000000000
0.217000000000000  0.812854639738036  0.000001000000000
0.218000000000000  0.813716072680573  0.000001000000000
0.219000000000000  0.814578908688562  0.000001000000000
0.220000000000000  0.815443151538656  0.000001000000000
0.221000000000000  0.816308805020961  0.000001000000000
0.222000000000000  0.817175872939097  0.000001000000000
0.223000000000000  0.818044359110255  0.000001000000000
0.224000000000000  0.818914267365262  0.000001000000000
0.225000000000000  0.819785601548639  0.000001000000000
0.226000000000000  0.820658365518666  0.000001000000000
0.227000000000000  0.821532563147439  0.000001000000000
0.228000000000000  0.822408198320935  0.000001000000000
0.229000000000000  0.823285274939073  0.000001000000000
0.230000000000000  0.824163796915780  0.000001000000000
0.231000000000000  0.825043768179049  0.000001000000000
0.232000000000000  0.825925192671006  0.000001000000000
0.233000000000000  0.826808074347973  0.000001000000000
0.234000000000000  0.827692417180530  0.000001000000000
0.235000000000000  0.828578225153585  0.000001000000000
0.236000000000000  0.829465502266431  0.000001000000000
0.237000000000000  0.830354252532817  0.000001000000000
0.238000000000000  0.831244479981012  0.000001000000000
0.239000000000000  0.832136188653870  0.000001000000000
0.240000000000000  0.833029382608897  0.000001000000000
0.241000000000000  0.833924065918317  0.000001000000000
0.242000000000000  0.834820242669140  0.000001000000000
0.243000000000000  0.835717916963227  0.000001000000000
0.244000000000000  0.836617092917361  0.000001000000000
0.245000000000000  0.837517774663312  0.000001000000000
0.246000000000000  0.838419966347907  0.000001000000000
0.247000000000000  0.839323672133099  0.000001000000000
0.248000000000000  0.840228896196035  0.000001000000000
0.249000000000000  0.841135642729126  0.000001000000000
0.250000000000000  0.842043915940118  0.000001000000000
0.251000000000000  0.842953720052161  0.000001000000000
0.252000000000000  0.843865059303879  0.000001000000000
0.253000000000000  0.844777937949444  0.000001000000000
0.254000000000000  0.845692360258644  0.000001000000000
0.255000000000000  0.846608330516958  0.000001000000000
0.256000000000000  0.847525853025627  0.000001000000000
0.257000000000000  0.848444932101723  0.000001000000000
0.258000000000000  0.849365572078231  0.000001000000000
0.259000000000000  0.850287777304112  0.000001000000000
0.260000000000000  0.851211552144386  0.000001000000000
0.261000000000000  0.852136900980198  0.000001000000000
0.262000000000000  0.853063828208902  0.000001000000000
0.263000000000000  0.853992338244126  0.000001000000000
0.264000000000000  0.854922435515856  0.000001000000000
0.265000000000000  0.855854124470507  0.000001000000000
0.266000000000000  0.856787409571002  0.000001000000000
0.267000000000000  0.857722295296846  0.000001000000000
0.268000000000000  0.858658786144208  0.000001000000000
0.269000000000000  0.859596886625991  0.000001000000000
0.270000000000000  0.860536601271920  0.000001000000000
0.271000000000000  0.861477934628612  0.000001000000000
0.272000000000000  0.862420891259658  0.000001000000000
0.273000000000000  0.863365475745706  0.000001000000000
0.274000000000000  0.864311692684534  0.000001000000000
0.275000000000000  0.865259546691137  0.000001000000000
0.276000000000000  0.866209042397801  0.000001000000000
0.277000000000000  0.867160184454192  0.000001000000000
0.278000000000000  0.868112977527431  0.000001000000000
0.279000000000000  0.869067426302181  0.000001000000000
0.280000000000000  0.870023535480724  0.000001000000000
0.281000000000000  0.870981309783051  0.000001000000000
0.282000000000000  0.871940753946939  0.000001000000000
0.283000000000000  0.872901872728042  0.000001000000000
0.284000000000000  0.873864670899968  0.000001000000000
0.285000000000000  0.874829153254369  0.000001000000000
0.286000000000000  0.875795324601026  0.000001000000000
0.287000000000000  0.876763189767931  0.000001000000000
0.288000000000000  0.877732753601380  0.000001000000000
0.289000000000000  0.878704020966054  0.000001000000000
0.290000000000000  0.879676996745110  0.000001000000000
0.291000000000000  0.880651685840268  0.000001000000000
0.292000000000000  0.881628093171898  0.000001000000000
0.293000000000000  0.882606223679111  0.000001000000000
0.294000000000000  0.883586082319846  0.000001000000000
0.295000000000000  0.884567674070965  0.000001000000000
0.296000000000000  0.885551003928336  0.000001000000000
0.297000000000000  0.886536076906931  0.000001000000000
0.298000000000000  0.887522898040914  0.000001000000000
0.299000000000000  0.888511472383731  0.000001000000000
0.300000000000000  0.889501805008209  0.000001000000000
0.301000000000000  0.890493901006643  0.000001000000000
0.302000000000000  0.891487765490892  0.000001000000000
0.303000000000000  0.892483403592475  0.000001000000000
0.304000000000000  0.893480820462660  0.000001000000000
0.305000000000000  0.894480021272568  0.000001000000000
0.306000000000000  0.895481011213260  0.000001000000000
0.307000000000000  0.896483795495839  0.000001000000000
0.308000000000000  0.897488379351546  0.000001000000000
0.309000000000000  0.898494768031855  0.000001000000000
0.310000000000000  0.899502966808575  0.000001000000000
0.311000000000000  0.900512980973945  0.000001000000000
0.312000000000000  0.901524815840735  0.000001000000000
0.313000000000000  0.902538476742347  0.000001000000000
0.314000000000000  0.903553969032912  0.000001000000000
0.315000000000000  0.904571298087394  0.000001000000000
0.316000000000000  0.905590469301690  0.000001000000000
0.317000000000000  0.906611488092734  0.000001000000000
0.318000000000000  0.907634359898598  0.000001000000000
0.319000000000000  0.908659090178593  0.000001000000000
0.320000000000000  0.909685684413380  0.000001000000000
0.321000000000000  0.910714148105069  0.000001000000000
0.322000000000000  0.911744486777323  0.000001000000000
0.323000000000000  0.912776705975469  0.000001000000000
0.324000000000000  0.913810811266602  0.000001000000000
0.325000000000000  0.914846808239691  0.000001000000000
0.326000000000000  0.915884702505687  0.000001000000000
0.327000000000000  0.916924499697632  0.000001000000000
0.328000000000000  0.917966205470770  0.000001000000000
0.329000000000000  0.919009825502652  0.000001000000000
0.330000000000000  0.920055365493249  0.000001000000000
0.331000000000000  0.921102831165065  0.000001000000000
0.332000000000000  0.922152228263243  0.000001000000000
0.333000000000000  0.923203562555683  0.000001000000000
0.334000000000000  0.924256839833152  0.000001000000000
0.335000000000000  0.925312065909397  0.000001000000000
0.336000000000000  0.926369246621262  0.000001000000000
0.337000000000000  0.927428387828800  0.000001000000000
0.338000000000000  0.928489495415389  0.000001000000000
0.339000000000000  0.929552575287853  0.000001000000000
0.340000000000000  0.930617633376570  0.000001000000000
0.341000000000000  0.931684675635599  0.000001000000000
0.342000000000000  0.932753708042794  0.000001000000000
0.343000000000000  0.933824736599921  0.000001000000000
0.344000000000000  0.934897767332784  0.000001000000000
0.345000000000000  0.935972806291339  0.000001000000000
0.346000000000000  0.937049859549821  0.000001000000000
0.347000000000000  0.938128933206860  0.000001000000000
0.348000000000000  0.939210033385611  0.000001000000000
0.349000000000000  0.940293166233870  0.000001000000000
0.350000000000000  0.941378337924206  0.000001000000000
0.351000000000000  0.942465554654078  0.000001000000000
0.352000000000000  0.943554822645967  0.000001000000000
0.353000000000000  0.944646148147501  0.000001000000000
0.354000000000000  0.945739537431579  0.000001000000000
0.355000000000000  0.946834996796504  0.000001000000000
0.356000000000000  0.947932532566109  0.000001000000000
0.357000000000000  0.949032151089886  0.000001000000000
0.358000000000000  0.950133858743119  0.000001000000000
0.359000000000000  0.951237661927015  0.000001000000000
0.360000000000000  0.952343567068831  0.000001000000000
0.361000000000000  0.953451580622016  0.000001000000000
0.362000000000000  0.954561709066335  0.000001000000000
0.363000000000000  0.955673958908011  0.000001000000000
0.364000000000000  0.956788336679854  0.000001000000000
0.365000000000000  0.957904848941405  0.000001000000000
0.366000000000000  0.959023502279064  0.000001000000000
0.367000000000000  0.960144303306234  0.000001000000000
0.368000000000000  0.961267258663458  0.000001000000000
0.369000000000000  0.962392375018558  0.000001000000000
0.370000000000000  0.963519659066777  0.000001000000000
0.371000000000000  0.964649117530917  0.000001000000000
0.372000000000000  0.965780757161484  0.000001000000000
0.373000000000000  0.966914584736830  0.000001000000000
0.374000000000000  0.968050607063297  0.000001000000000
0.375000000000000  0.969188830975364  0.000001000000000
0.376000000000000  0.970329263335786  0.000001000000000
0.377000000000000  0.971471911035749  0.000001000000000
0.378000000000000  0.972616780995013  0.000001000000000
0.379000000000000  0.973763880162058  0.000001000000000
0.380000000000000  0.974913215514241  0.000001000000000
0.381000000000000  0.976064794057938  0.000001000000000
0.382000000000000  0.977218622828701  0.000001000000000
0.383000000000000  0.978374708891407  0.000001000000000
0.384000000000000  0.979533059340412  0.000001000000000
0.385000000000000  0.980693681299706  0.000001000000000
0.386000000000000  0.981856581923067  0.000001000000000
0.387000000000000  0.983021768394218  0.000001000000000
0.388000000000000  0.984189247926981  0.000001000000000
0.389000000000000  0.985359027765441  0.000001000000000
0.390000000000000  0.986531115184099  0.000001000000000
0.391000000000000  0.987705517488033  0.000001000000000
0.392000000000000  0.988882242013064  0.000001000000000
0.393000000000000  0.990061296125911  0.000001000000000
0.394000000000000  0.991242687224359  0.000001000000000
0.395000000000000  0.992426422737421  0.000001000000000
0.396000000000000  0.993612510125504  0.000001000000000
0.397000000000000  0.994800956880576  0.000001000000000
0.398000000000000  0.995991770526328  0.000001000000000
0.399000000000000  0.997184958618350  0.000001000000000
0.400000000000000  0.998380528744296  0.000001000000000
0.401000000000000  0.999578488524054  0.000001000000000
0.402000000000000  1.000778845609920  0.000001000000000
0.403000000000000  1.001981607686767  0.000001000000000
0.404000000000000  1.003186782472224  0.000001000000000
0.405000000000000  1.004394377716845  0.000001000000000
0.406000000000000  1.005604401204290  0.000001000000000
0.407000000000000  1.006816860751499  0.000001000000000
0.408000000000000  1.008031764208871  0.000001000000000
0.409000000000000  1.009249119460444  0.000001000000000
0.410000000000000  1.010468934424075  0.000001000000000
0.411000000000000  1.011691217051621  0.000001000000000
0.412000000000000  1.012915975329123  0.000001000000000
0.413000000000000  1.014143217276991  0.000001000000000
0.414000000000000  1.015372950950186  0.000001000000000
0.415000000000000  1.016605184438409  0.000001000000000
0.416000000000000  1.017839925866289  0.000001000000000
0.417000000000000  1.019077183393570  0.000001000000000
0.418000000000000  1.020316965215303  0.000001000000000
0.419000000000000  1.021559279562034  0.000001000000000
0.420000000000000  1.022804134700002  0.000001000000000
0.421000000000000  1.024051538931327  0.000001000000000
0.422000000000000  1.025301500594210  0.000001000000000
0.423000000000000  1.026554028063126  0.000001000000000
0.424000000000000  1.027809129749023  0.000001000000000
0.425000000000000  1.029066814099522  0.000001000000000
0.426000000000000  1.030327089599114  0.000001000000000
0.427000000000000  1.031589964769366  0.000001000000000
0.428000000000000  1.032855448169121  0.000001000000000
0.429000000000000  1.034123548394700  0.000001000000000
0.430000000000000  1.035394274080114  0.000001000000000
0.431000000000000  1.036667633897266  0.000001000000000
0.432000000000000  1.037943636556161  0.000001000000000
0.433000000000000  1.039222290805113  0.000001000000000
0.434000000000000  1.040503605430961  0.000001000000000
0.435000000000000  1.041787589259277  0.000001000000000
0.436000000000000  1.043074251154583  0.000001000000000
0.437000000000000  1.044363600020564  0.000001000000000
0.438000000000000  1.045655644800286  0.000001000000000
0.439000000000000  1.046950394476413  0.000001000000000
0.440000000000000  1.048247858071428  0.000001000000000
0.441000000000000  1.049548044647852  0.000001000000000
0.442000000000000  1.050850963308470  0.000001000000000
0.443000000000000  1.052156623196551  0.000001000000000
0.444000000000000  1.053465033496077  0.000001000000000
0.445000000000000  1.054776203431968  0.000001000000000
0.446000000000000  1.056090142270310  0.000001000000000
0.447000000000000  1.057406859318586  0.000001000000000
0.448000000000000  1.058726363925910  0.000001000000000
0.449000000000000  1.060048665483255  0.000001000000000
0.450000000000000  1.061373773423692  0.000001000000000
0.451000000000000  1.062701697222625  0.000001000000000
0.452000000000000  1.064032446398029  0.000001000000000
0.453000000000000  1.065366030510688  0.000001000000000
0.454000000000000  1.066702459164439  0.000001000000000
0.455000000000000  1.068041742006413  0.000001000000000
0.456000000000000  1.069383888727280  0.000001000000000
0.457000000000000  1.070728909061493  0.000001000000000
0.458000000000000  1.072076812787539  0.000001000000000
0.459000000000000  1.073427609728188  0.000001000000000
0.460000000000000  1.074781309750741  0.000001000000000
0.461000000000000  1.076137922767286  0.000001000000000
0.462000000000000  1.077497458734952  0.000001000000000
0.463000000000000  1.078859927656163  0.000001000000000
0.464000000000000  1.080225339578901  0.000001000000000
0.465000000000000  1.081593704596960  0.000001000000000
0.466000000000000  1.082965032850212  0.000001000000000
0.467000000000000  1.084339334524866  0.000001000000000
0.468000000000000  1.085716619853740  0.000001000000000
0.469000000000000  1.087096899116521  0.000001000000000
0.470000000000000  1.088480182640037  0.000001000000000
0.471000000000000  1.089866480798530  0.000001000000000
0.472000000000000  1.091255804013923  0.000001000000000
0.473000000000000  1.092648162756100  0.000001000000000
0.474000000000000  1.094043567543178  0.000001000000000
0.475000000000000  1.095442028941789  0.000001000000000
0.476000000000000  1.096843557567358  0.000001000000000
0.477000000000000  1.098248164084384  0.000001000000000
0.478000000000000  1.099655859206729  0.000001000000000
0.479000000000000  1.101066653697898  0.000001000000000
0.480000000000000  1.102480558371331  0.000001000000000
0.481000000000000  1.103897584090693  0.000001000000000
0.482000000000000  1.105317741770163  0.000001000000000
0.483000000000000  1.106741042374731  0.000001000000000
0.484000000000000  1.108167496920496  0.000001000000000
0.485000000000000  1.109597116474958  0.000001000000000
0.486000000000000  1.111029912157325  0.000001000000000
0.487000000000000  1.112465895138811  0.000001000000000
0.488000000000000  1.113905076642944  0.000001000000000
0.489000000000000  1.115347467945869  0.000001000000000
0.490000000000000  1.116793080376661  0.000001000000000
0.491000000000000  1.118241925317633  0.000001000000000
0.492000000000000  1.119694014204649  0.000001000000000
0.493000000000000  1.121149358527445  0.000001000000000
0.494000000000000  1.122607969829938  0.000001000000000
0.495000000000000  1.124069859710555  0.000001000000000
0.496000000000000  1.125535039822546  0.000001000000000
0.497000000000000  1.127003521874318  0.000001000000000
0.498000000000000  1.128475317629754  0.000001000000000
0.499000000000000  1.129950438908549  0.000001000000000
0.500000000000000  1.131428897586535  0.000001000000000
0.501000000000000  1.132910705596018  0.000001000000000
0.502000000000000  1.134395874926117  0.000001000000000
0.503000000000000  1.135884417623098  0.000001000000000
0.504000000000000  1.137376345790717  0.000001000000000
0.505000000000000  1.138871671590563  0.000001000000000
0.506000000000000  1.140370407242408  0.000001000000000
0.507000000000000  1.141872565024548  0.000001000000000
0.508000000000000  1.143378157274160  0.000001000000000
0.509000000000000  1.144887196387655  0.000001000000000
0.510000000000000  1.146399694821032  0.000001000000000
0.511000000000000  1.147915665090236  0.000001000000000
0.512000000000000  1.149435119771524  0.000001000000000
0.513000000000000  1.150958071501823  0.000001000000000
0.514000000000000  1.152484532979100  0.000001000000000
0.515000000000000  1.154014516962732  0.000001000000000
0.516000000000000  1.155548036273874  0.000001000000000
0.517000000000000  1.157085103795839  0.000001000000000
0.518000000000000  1.158625732474468  0.000001000000000
0.519000000000000  1.160169935318518  0.000001000000000
0.520000000000000  1.161717725400040  0.000001000000000
0.521000000000000  1.163269115854765  0.000001000000000
0.522000000000000  1.164824119882494  0.000001000000000
0.523000000000000  1.166382750747488  0.000001000000000
0.524000000000000  1.167945021778863  0.000001000000000
0.525000000000000  1.169510946370988  0.000001000000000
0.526000000000000  1.171080537983882  0.000001000000000
0.527000000000000  1.172653810143619  0.000001000000000
0.528000000000000  1.174230776442733  0.000001000000000
0.529000000000000  1.175811450540630  0.000001000000000
0.530000000000000  1.177395846163995  0.000001000000000
0.531000000000000  1.178983977107210  0.000001000000000
0.532000000000000  1.180575857232772  0.000001000000000
0.533000000000000  1.182171500471714  0.000001000000000
0.534000000000000  1.183770920824027  0.000001000000000
0.535000000000000  1.185374132359092  0.000001000000000
0.536000000000000  1.186981149216105  0.000001000000000
0.537000000000000  1.188591985604516  0.000001000000000
0.538000000000000  1.190206655804463  0.000001000000000
0.539000000000000  1.191825174167213  0.000001000000000
0.540000000000000  1.193447555115607  0.000001000000000
0.541000000000000  1.195073813144504  0.000001000000000
0.542000000000000  1.196703962821235  0.000001000000000
0.543000000000000  1.198338018786053  0.000001000000000
0.544000000000000  1.199975995752592  0.000001000000000
0.545000000000000  1.201617908508329  0.000001000000000
0.546000000000000  1.203263771915046  0.000001000000000
0.547000000000000  1.204913600909296  0.000001000000000
0.548000000000000  1.206567410502879  0.000001000000000
0.549000000000000  1.208225215783312  0.000001000000000
0.550000000000000  1.209887031914307  0.000001000000000
0.551000000000000  1.211552874136260  0.000001000000000
0.552000000000000  1.213222757766725  0.000001000000000
0.553000000000000  1.214896698200914  0.000001000000000
0.554000000000000  1.216574710912183  0.000001000000000
0.555000000000000  1.218256811452533  0.000001000000000
0.556000000000000  1.219943015453107  0.000001000000000
0.557000000000000  1.221633338624695  0.000001000000000
0.558000000000000  1.223327796758245  0.000001000000000
0.559000000000000  1.225026405725372  0.000001000000000
0.560000000000000  1.226729181478876  0.000001000000000
0.561000000000000  1.228436140053260  0.000001000000000
0.562000000000000  1.230147297565255  0.000001000000000
0.563000000000000  1.231862670214349  0.000001000000000
0.564000000000000  1.233582274283317  0.000001000000000
0.565000000000000  1.235306126138759  0.000001000000000
0.566000000000000  1.237034242231639  0.000001000000000
0.567000000000000  1.238766639097830  0.000001000000000
0.568000000000000  1.240503333358664  0.000001000000000
0.569000000000000  1.242244341721483  0.000001000000000
0.570000000000000  1.243989680980196  0.000001000000000
0.571000000000000  1.245739368015845  0.000001000000000
0.572000000000000  1.247493419797163  0.000001000000000
0.573000000000000  1.249251853381155  0.000001000000000
0.574000000000000  1.251014685913661  0.000001000000000
0.575000000000000  1.252781934629948  0.000001000000000
0.576000000000000  1.254553616855281  0.000001000000000
0.577000000000000  1.256329750005522  0.000001000000000
0.578000000000000  1.258110351587718  0.000001000000000
0.579000000000000  1.259895439200700  0.000001000000000
0.580000000000000  1.261685030535686  0.000001000000000
0.581000000000000  1.263479143376887  0.000001000000000
0.582000000000000  1.265277795602118  0.000001000000000
0.583000000000000  1.267081005183420  0.000001000000000
0.584000000000000  1.268888790187676  0.000001000000000
0.585000000000000  1.270701168777241  0.000001000000000
0.586000000000000  1.272518159210573  0.000001000000000
0.587000000000000  1.274339779842868  0.000001000000000
0.588000000000000  1.276166049126707  0.000001000000000
0.589000000000000  1.277996985612694  0.000001000000000
0.590000000000000  1.279832607950118  0.000001000000000
0.591000000000000  1.281672934887603  0.000001000000000
0.592000000000000  1.283517985273773  0.000001000000000
0.593000000000000  1.285367778057922  0.000001000000000
0.594000000000000  1.287222332290682  0.000001000000000
0.595000000000000  1.289081667124707  0.000001000000000
0.596000000000000  1.290945801815354  0.000001000000000
0.597000000000000  1.292814755721374  0.000001000000000
0.598000000000000  1.294688548305607  0.000001000000000
0.599000000000000  1.296567199135680  0.000001000000000
0.600000000000000  1.298450727884717  0.000001000000000
0.601000000000000  1.300339154332052  0.000001000000000
0.602000000000000  1.302232498363941  0.000001000000000
0.603000000000000  1.304130779974292  0.000001000000000
0.604000000000000  1.306034019265393  0.000001000000000
0.605000000000000  1.307942236448643  0.000001000000000
0.606000000000000  1.309855451845302  0.000001000000000
0.607000000000000  1.311773685887231  0.000001000000000
0.608000000000000  1.313696959117650  0.000001000000000
0.609000000000000  1.315625292191896  0.000001000000000
0.610000000000000  1.317558705878191  0.000001000000000
0.611000000000000  1.319497221058413  0.000001000000000
0.612000000000000  1.321440858728875  0.000001000000000
0.613000000000000  1.323389640001110  0.000001000000000
0.614000000000000  1.325343586102663  0.000001000000000
0.615000000000000  1.327302718377890  0.000001000000000
0.616000000000000  1.329267058288763  0.000001000000000
0.617000000000000  1.331236627415679  0.000001000000000
0.618000000000000  1.333211447458280  0.000001000000000
0.619000000000000  1.335191540236279  0.000001000000000
0.620000000000000  1.337176927690289  0.000001000000000
0.621000000000000  1.339167631882666  0.000001000000000
0.622000000000000  1.341163674998350  0.000001000000000
0.623000000000000  1.343165079345722  0.000001000000000
0.624000000000000  1.345171867357460  0.000001000000000
0.625000000000000  1.347184061591412  0.000001000000000
0.626000000000000  1.349201684731463  0.000001000000000
0.627000000000000  1.351224759588422  0.000001000000000
0.628000000000000  1.353253309100911  0.000001000000000
0.629000000000000  1.355287356336258  0.000001000000000
0.630000000000000  1.357326924491408  0.000001000000000
0.631000000000000  1.359372036893825  0.000001000000000
0.632000000000000  1.361422717002422  0.000001000000000
0.633000000000000  1.363478988408482  0.000001000000000
0.634000000000000  1.365540874836593  0.000001000000000
0.635000000000000  1.367608400145597  0.000001000000000
0.636000000000000  1.369681588329534  0.000001000000000
0.637000000000000  1.371760463518605  0.000001000000000
0.638000000000000  1.373845049980141  0.000001000000000
0.639000000000000  1.375935372119575  0.000001000000000
0.640000000000000  1.378031454481428  0.000001000000000
0.641000000000000  1.380133321750303  0.000001000000000
0.642000000000000  1.382240998751882  0.000001000000000
0.643000000000000  1.384354510453939  0.000001000000000
0.644000000000000  1.386473881967358  0.000001000000000
0.645000000000000  1.388599138547160  0.000001000000000
0.646000000000000  1.390730305593536  0.000001000000000
0.647000000000000  1.392867408652897  0.000001000000000
0.648000000000000  1.395010473418923  0.000001000000000
0.649000000000000  1.397159525733628  0.000001000000000
0.650000000000000  1.399314591588435  0.000001000000000
0.651000000000000  1.401475697125253  0.000001000000000
0.652000000000000  1.403642868637570  0.000001000000000
0.653000000000000  1.405816132571554  0.000001000000000
0.654000000000000  1.407995515527162  0.000001000000000
0.655000000000000  1.410181044259263  0.000001000000000
0.656000000000000  1.412372745678761  0.000001000000000
0.657000000000000  1.414570646853741  0.000001000000000
0.658000000000000  1.416774775010616  0.000001000000000
0.659000000000000  1.418985157535285  0.000001000000000
0.660000000000000  1.421201821974307  0.000001000000000
0.661000000000000  1.423424796036075  0.000001000000000
0.662000000000000  1.425654107592013  0.000001000000000
0.663000000000000  1.427889784677772  0.000001000000000
0.664000000000000  1.430131855494446  0.000001000000000
0.665000000000000  1.432380348409791  0.000001000000000
0.666000000000000  1.434635291959458  0.000001000000000
0.667000000000000  1.436896714848242  0.000001000000000
0.668000000000000  1.439164645951331  0.000001000000000
0.669000000000000  1.441439114315576  0.000001000000000
0.670000000000000  1.443720149160771  0.000001000000000
0.671000000000000  1.446007779880937  0.000001000000000
0.672000000000000  1.448302036045627  0.000001000000000
0.673000000000000  1.450602947401236  0.000001000000000
0.674000000000000  1.452910543872327  0.000001000000000
0.675000000000000  1.455224855562967  0.000001000000000
0.676000000000000  1.457545912758074  0.000001000000000
0.677000000000000  1.459873745924778  0.000001000000000
0.678000000000000  1.462208385713796  0.000001000000000
0.679000000000000  1.464549862960811  0.000001000000000
0.680000000000000  1.466898208687879  0.000001000000000
0.681000000000000  1.469253454104830  0.000001000000000
0.682000000000000  1.471615630610698  0.000001000000000
0.683000000000000  1.473984769795154  0.000001000000000
0.684000000000000  1.476360903439954  0.000001000000000
0.685000000000000  1.478744063520407  0.000001000000000
0.686000000000000  1.481134282206845  0.000001000000000
0.687000000000000  1.483531591866115  0.000001000000000
0.688000000000000  1.485936025063084  0.000001000000000
0.689000000000000  1.488347614562151  0.000001000000000
0.690000000000000  1.490766393328783  0.000001000000000
0.691000000000000  1.493192394531058  0.000001000000000
0.692000000000000  1.495625651541222  0.000001000000000
0.693000000000000  1.498066197937266  0.000001000000000
0.694000000000000  1.500514067504516  0.000001000000000
0.695000000000000  1.502969294237228  0.000001000000000
0.696000000000000  1.505431912340214  0.000001000000000
0.697000000000000  1.507901956230474  0.000001000000000
0.698000000000000  1.510379460538837  0.000001000000000
0.699000000000000  1.512864460111636  0.000001000000000
0.700000000000000  1.515356990012376  0.000001000000000
0.701000000000000  1.517857085523437  0.000001000000000
0.702000000000000  1.520364782147780  0.000001000000000
0.703000000000000  1.522880115610676  0.000001000000000
0.704000000000000  1.525403121861450  0.000001000000000
0.705000000000000  1.527933837075236  0.000001000000000
0.706000000000000  1.530472297654760  0.000001000000000
0.707000000000000  1.533018540232126  0.000001000000000
0.708000000000000  1.535572601670630  0.000001000000000
0.709000000000000  1.538134519066587  0.000001000000000
0.710000000000000  1.540704329751174  0.000001000000000
0.711000000000000  1.543282071292290  0.000001000000000
0.712000000000000  1.545867781496443  0.000001000000000
0.713000000000000  1.548461498410638  0.000001000000000
0.714000000000000  1.551063260324300  0.000001000000000
0.715000000000000  1.553673105771206  0.000001000000000
0.716000000000000  1.556291073531434  0.000001000000000
0.717000000000000  1.558917202633342  0.000001000000000
0.718000000000000  1.561551532355552  0.000001000000000
0.719000000000000  1.564194102228960  0.000001000000000
0.720000000000000  1.566844952038770  0.000001000000000
0.721000000000000  1.569504121826536  0.000001000000000
0.722000000000000  1.572171651892235  0.000001000000000
0.723000000000000  1.574847582796354  0.000001000000000
0.724000000000000  1.577531955361998  0.000001000000000
0.725000000000000  1.580224810677021  0.000001000000000
0.726000000000000  1.582926190096173  0.000001000000000
0.727000000000000  1.585636135243276  0.000001000000000
0.728000000000000  1.588354688013409  0.000001000000000
0.729000000000000  1.591081890575131  0.000001000000000
0.730000000000000  1.593817785372707  0.000001000000000
0.731000000000000  1.596562415128372  0.000001000000000
0.732000000000000  1.599315822844606  0.000001000000000
0.733000000000000  1.602078051806441  0.000001000000000
0.734000000000000  1.604849145583781  0.000001000000000
0.735000000000000  1.607629148033752  0.000001000000000
0.736000000000000  1.610418103303073  0.000001000000000
0.737000000000000  1.613216055830452  0.000001000000000
0.738000000000000  1.616023050349000  0.000001000000000
0.739000000000000  1.618839131888678  0.000001000000000
0.740000000000000  1.621664345778761  0.000001000000000
0.741000000000000  1.624498737650330  0.000001000000000
0.742000000000000  1.627342353438791  0.000001000000000
0.743000000000000  1.630195239386411  0.000001000000000
0.744000000000000  1.633057442044891  0.000001000000000
0.745000000000000  1.635929008277954  0.000001000000000
0.746000000000000  1.638809985263968  0.000001000000000
0.747000000000000  1.641700420498589  0.000001000000000
0.748000000000000  1.644600361797433  0.000001000000000
0.749000000000000  1.647509857298778  0.000001000000000
0.750000000000000  1.650428955466287  0.000001000000000
0.751000000000000  1.653357705091763  0.000001000000000
0.752000000000000  1.656296155297936  0.000001000000000
0.753000000000000  1.659244355541265  0.000001000000000
0.754000000000000  1.662202355614786  0.000001000000000
0.755000000000000  1.665170205650976  0.000001000000000
0.756000000000000  1.668147956124649  0.000001000000000
0.757000000000000  1.671135657855888  0.000001000000000
0.758000000000000  1.674133362013001  0.000001000000000
0.759000000000000  1.677141120115508  0.000001000000000
0.760000000000000  1.680158984037159  0.000001000000000
0.761000000000000  1.683187006008988  0.000001000000000
0.762000000000000  1.686225238622390  0.000001000000000
0.763000000000000  1.689273734832239  0.000001000000000
0.764000000000000  1.692332547960031  0.000001000000000
0.765000000000000  1.695401731697062  0.000001000000000
0.766000000000000  1.698481340107643  0.000001000000000
0.767000000000000  1.701571427632342  0.000001000000000
0.768000000000000  1.704672049091268  0.000001000000000
0.769000000000000  1.707783259687377  0.000001000000000
0.770000000000000  1.710905115009828  0.000001000000000
0.771000000000000  1.714037671037362  0.000001000000000
0.772000000000000  1.717180984141724  0.000001000000000
0.773000000000000  1.720335111091116  0.000001000000000
0.774000000000000  1.723500109053691  0.000001000000000
0.775000000000000  1.726676035601078  0.000001000000000
0.776000000000000  1.729862948711954  0.000001000000000
0.777000000000000  1.733060906775644  0.000001000000000
0.778000000000000  1.736269968595763  0.000001000000000
0.779000000000000  1.739490193393901  0.000001000000000
0.780000000000000  1.742721640813341  0.000001000000000
0.781000000000000  1.745964370922819  0.000001000000000
0.782000000000000  1.749218444220327  0.000001000000000
0.783000000000000  1.752483921636953  0.000001000000000
0.784000000000000  1.755760864540763  0.000001000000000
0.785000000000000  1.759049334740728  0.000001000000000
0.786000000000000  1.762349394490692  0.000001000000000
0.787000000000000  1.765661106493377  0.000001000000000
0.788000000000000  1.768984533904442  0.000001000000000
0.789000000000000  1.772319740336578  0.000001000000000
0.790000000000000  1.775666789863650  0.000001000000000
0.791000000000000  1.779025747024885  0.000001000000000
0.792000000000000  1.782396676829104  0.000001000000000
0.793000000000000  1.785779644759003  0.000001000000000
0.794000000000000  1.789174716775476  0.000001000000000
0.795000000000000  1.792581959321992  0.000001000000000
0.796000000000000  1.796001439329015  0.000001000000000
0.797000000000000  1.799433224218474  0.000001000000000
0.798000000000000  1.802877381908282  0.000001000000000
0.799000000000000  1.806333980816909  0.000001000000000
0.800000000000000  1.809803089867999  0.000001000000000
0.801000000000000  1.813284778495043  0.000001000000000
0.802000000000000  1.816779116646100  0.000001000000000
0.803000000000000  1.820286174788580  0.000001000000000
0.804000000000000  1.823806023914063  0.000001000000000
0.805000000000000  1.827338735543193  0.000001000000000
0.806000000000000  1.830884381730606  0.000001000000000
0.807000000000000  1.834443035069934  0.000001000000000
0.808000000000000  1.838014768698845  0.000001000000000
0.809000000000000  1.841599656304155  0.000001000000000
0.810000000000000  1.845197772126992  0.000001000000000
0.811000000000000  1.848809190968015  0.000001000000000
0.812000000000000  1.852433988192701  0.000001000000000
0.813000000000000  1.856072239736680  0.000001000000000
0.814000000000000  1.859724022111144  0.000001000000000
0.815000000000000  1.863389412408307  0.000001000000000
0.816000000000000  1.867068488306931  0.000001000000000
0.817000000000000  1.870761328077918  0.000001000000000
0.818000000000000  1.874468010589961  0.000001000000000
0.819000000000000  1.878188615315264  0.000001000000000
0.820000000000000  1.881923222335325  0.000001000000000
0.821000000000000  1.885671912346789  0.000001000000000
0.822000000000000  1.889434766667362  0.000001000000000
0.823000000000000  1.893211867241803  0.000001000000000
0.824000000000000  1.897003296647976  0.000001000000000
0.825000000000000  1.900809138102978  0.000001000000000
0.826000000000000  1.904629475469340  0.000001000000000
0.827000000000000  1.908464393261290  0.000001000000000
0.828000000000000  1.912313976651103  0.000001000000000
0.829000000000000  1.916178311475516  0.000001000000000
0.830000000000000  1.920057484242219  0.000001000000000
0.831000000000000  1.923951582136426  0.000001000000000
0.832000000000000  1.927860693027522  0.000001000000000
0.833000000000000  1.931784905475787  0.000001000000000
0.834000000000000  1.935724308739199  0.000001000000000
0.835000000000000  1.939678992780320  0.000001000000000
0.836000000000000  1.943649048273263  0.000001000000000
0.837000000000000  1.947634566610742  0.000001000000000
0.838000000000000  1.951635639911200  0.000001000000000
0.839000000000000  1.955652361026037  0.000001000000000
0.840000000000000  1.959684823546904  0.000001000000000
0.841000000000000  1.963733121813104  0.000001000000000
0.842000000000000  1.967797350919068  0.000001000000000
0.843000000000000  1.971877606721930  0.000001000000000
0.844000000000000  1.975973985849183  0.000001000000000
0.845000000000000  1.980086585706441  0.000001000000000
0.846000000000000  1.984215504485284  0.000001000000000
0.847000000000000  1.988360841171203  0.000001000000000
0.848000000000000  1.992522695551640  0.000001000000000
0.849000000000000  1.996701168224126  0.000001000000000
0.850000000000000  2.000896360604520  0.000001000000000
0.851000000000000  2.005108374935346  0.000001000000000
0.852000000000000  2.009337314294237  0.000001000000000
0.853000000000000  2.013583282602474  0.000001000000000
0.854000000000000  2.017846384633638  0.000001000000000
0.855000000000000  2.022126726022370  0.000001000000000
0.856000000000000  2.026424413273226  0.000001000000000
0.857000000000000  2.030739553769661  0.000001000000000
0.858000000000000  2.035072255783106  0.000001000000000
0.859000000000000  2.039422628482171  0.000001000000000
0.860000000000000  2.043790781941957  0.000001000000000
0.861000000000000  2.048176827153483  0.000001000000000
0.862000000000000  2.052580876033236  0.000001000000000
0.863000000000000  2.057003041432834  0.000001000000000
0.864000000000000  2.061443437148818  0.000001000000000
0.865000000000000  2.065902177932557  0.000001000000000
0.866000000000000  2.070379379500294  0.000001000000000
0.867000000000000  2.074875158543298  0.000001000000000
0.868000000000000  2.079389632738164  0.000001000000000
0.869000000000000  2.083922920757231  0.000001000000000
0.870000000000000  2.088475142279140  0.000001000000000
0.871000000000000  2.093046417999520  0.000001000000000
0.872000000000000  2.097636869641818  0.000001000000000
0.873000000000000  2.102246619968260  0.000001000000000
0.874000000000000  2.106875792790959  0.000001000000000
0.875000000000000  2.111524512983163  0.000001000000000
0.876000000000000  2.116192906490645  0.000001000000000
0.877000000000000  2.120881100343248  0.000001000000000
0.878000000000000  2.125589222666569  0.000001000000000
0.879000000000000  2.130317402693807  0.000001000000000
0.880000000000000  2.135065770777748  0.000001000000000
0.881000000000000  2.139834458402928  0.000001000000000
0.882000000000000  2.144623598197932  0.000001000000000
0.883000000000000  2.149433323947872  0.000001000000000
0.884000000000000  2.154263770607018  0.000001000000000
0.885000000000000  2.159115074311599  0.000001000000000
0.886000000000000  2.163987372392773  0.000001000000000
0.887000000000000  2.168880803389762  0.000001000000000
0.888000000000000  2.173795507063173  0.000001000000000
0.889000000000000  2.178731624408483  0.000001000000000
0.890000000000000  2.183689297669710  0.000001000000000
0.891000000000000  2.188668670353263  0.000001000000000
0.892000000000000  2.193669887241982  0.000001000000000
0.893000000000000  2.198693094409355  0.000001000000000
0.894000000000000  2.203738439233939  0.000001000000000
0.895000000000000  2.208806070413966  0.000001000000000
0.896000000000000  2.213896137982144  0.000001000000000
0.897000000000000  2.219008793320669  0.000001000000000
0.898000000000000  2.224144189176425  0.000001000000000
0.899000000000000  2.229302479676400  0.000001000000000
0.900000000000000  2.234483820343311  0.000001000000000
0.901000000000000  2.239688368111437  0.000001000000000
0.902000000000000  2.244916281342671  0.000001000000000
0.903000000000000  2.250167719842794  0.000001000000000
0.904000000000000  2.255442844877964  0.000001000000000
0.905000000000000  2.260741819191441  0.000001000000000
0.906000000000000  2.266064807020536  0.000001000000000
0.907000000000000  2.271411974113798  0.000001000000000
0.908000000000000  2.276783487748435  0.000001000000000
0.909000000000000  2.282179516747980  0.000001000000000
0.910000000000000  2.287600231500199  0.000001000000000
0.911000000000000  2.293045803975251  0.000001000000000
0.912000000000000  2.298516407744104  0.000001000000000
0.913000000000000  2.304012217997201  0.000001000000000
0.914000000000000  2.309533411563396  0.000001000000000
0.915000000000000  2.315080166929150  0.000001000000000
0.916000000000000  2.320652664258005  0.000001000000000
0.917000000000000  2.326251085410324  0.000001000000000
0.918000000000000  2.331875613963316  0.000001000000000
0.919000000000000  2.337526435231348  0.000001000000000
0.920000000000000  2.343203736286538  0.000001000000000
0.921000000000000  2.348907705979646  0.000001000000000
0.922000000000000  2.354638534961269  0.000001000000000
0.923000000000000  2.360396415703327  0.000001000000000
0.924000000000000  2.366181542520872  0.000001000000000
0.925000000000000  2.371994111594199  0.000001000000000
0.926000000000000  2.377834320991284  0.000001000000000
0.927000000000000  2.383702370690544  0.000001000000000
0.928000000000000  2.389598462603924  0.000001000000000
0.929000000000000  2.395522800600327  0.000001000000000
0.930000000000000  2.401475590529378  0.000001000000000
0.931000000000000  2.407457040245539  0.000001000000000
0.932000000000000  2.413467359632577  0.000001000000000
0.933000000000000  2.419506760628391  0.000001000000000
0.934000000000000  2.425575457250202  0.000001000000000
0.935000000000000  2.431673665620119  0.000001000000000
0.936000000000000  2.437801603991080  0.000001000000000
0.937000000000000  2.443959492773177  0.000001000000000
0.938000000000000  2.450147554560377  0.000001000000000
0.939000000000000  2.456366014157635  0.000001000000000
0.940000000000000  2.462615098608414  0.000001000000000
0.941000000000000  2.468895037222620  0.000001000000000
0.942000000000000  2.475206061604955  0.000001000000000
0.943000000000000  2.481548405683693  0.000001000000000
0.944000000000000  2.487922305739893  0.000001000000000
0.945000000000000  2.494328000437058  0.000001000000000
0.946000000000000  2.500765730851235  0.000001000000000
0.947000000000000  2.507235740501581  0.000001000000000
0.948000000000000  2.513738275381387  0.000001000000000
0.949000000000000  2.520273583989581  0.000001000000000
0.950000000000000  2.526841917362717  0.000001000000000
0.951000000000000  2.533443529107445  0.000001000000000
0.952000000000000  2.540078675433489  0.000001000000000
0.953000000000000  2.546747615187133  0.000001000000000
0.954000000000000  2.553450609885222  0.000001000000000
0.955000000000000  2.560187923749696  0.000001000000000
0.956000000000000  2.566959823742653  0.000001000000000
0.957000000000000  2.573766579601966  0.000001000000000
0.958000000000000  2.580608463877458  0.000001000000000
0.959000000000000  2.587485751967634  0.000001000000000
0.960000000000000  2.594398722157002  0.000001000000000
0.961000000000000  2.601347655653979  0.000001000000000
0.962000000000000  2.608332836629389  0.000001000000000
0.963000000000000  2.615354552255579  0.000001000000000
0.964000000000000  2.622413092746157  0.000001000000000
0.965000000000000  2.629508751396354  0.000001000000000
0.966000000000000  2.636641824624038  0.000001000000000
0.967000000000000  2.643812612011389  0.000001000000000
0.968000000000000  2.651021416347227  0.000001000000000
0.969000000000000  2.658268543670040  0.000001000000000
0.970000000000000  2.665554303311695  0.000001000000000
0.971000000000000  2.672879007941860  0.000001000000000
0.972000000000000  2.680242973613145  0.000001000000000
0.973000000000000  2.687646519806983  0.000001000000000
0.974000000000000  2.695089969480254  0.000001000000000
0.975000000000000  2.702573649112671  0.000001000000000
0.976000000000000  2.710097888754952  0.000001000000000
0.977000000000000  2.717663022077775  0.000001000000000
0.978000000000000  2.725269386421544  0.000001000000000
0.979000000000000  2.732917322846983  0.000001000000000
0.980000000000000  2.740607176186558  0.000001000000000
0.981000000000000  2.748339295096771  0.000001000000000
0.982000000000000  2.756114032111306  0.000001000000000
0.983000000000000  2.763931743695082  0.000001000000000
0.984000000000000  2.771792790299205  0.000001000000000
0.985000000000000  2.779697536416841  0.000001000000000
0.986000000000000  2.787646350640037  0.000001000000000
0.987000000000000  2.795639605717504  0.000001000000000
0.988000000000000  2.803677678613373  0.000001000000000
0.989000000000000  2.811760950566959  0.000001000000000
0.990000000000000  2.819889807153539  0.000001000000000
0.991000000000000  2.828064638346172  0.000001000000000
0.992000000000000  2.836285838578578  0.000001000000000
0.993000000000000  2.844553806809103  0.000001000000000
0.994000000000000  2.852868946585784  0.000001000000000
0.995000000000000  2.861231666112539  0.000001000000000
0.996000000000000  2.869642378316511  0.000001000000000
0.997000000000000  2.878101500916579  0.000001000000000
0.998000000000000  2.886609456493069  0.000001000000000
0.999000000000000  2.895166672558681  0.000001000000000
