0.000000000000000  0.779144574655220  0.000001000000000
0.001000000000000  0.778827668056220  0.000001000000000
0.002000000000000  0.778511274341086  0.000001000000000
0.003000000000000  0.778195392212827  0.000001000000000
0.004000000000000  0.777880020379004  0.000001000000000
0.005000000000000  0.777565157551706  0.000001000000000
0.006000000000000  0.777250802447535  0.000001000000000
0.007000000000000  0.776936953787583  0.000001000000000
0.008000000000000  0.776623610297411  0.000001000000000
0.009000000000000  0.776310770707029  0.000001000000000
0.010000000000000  0.775998433750880  0.000001000000000
0.011000000000000  0.775686598167814  0.000001000000000
0.012000000000000  0.775375262701074  0.000001000000000
0.013000000000000  0.775064426098271  0.000001000000000
0.014000000000000  0.774754087111371  0.000001000000000
0.015000000000000  0.774444244496670  0.000001000000000
0.016000000000000  0.774134897014776  0.000001000000000
0.017000000000000  0.773826043430594  0.000001000000000
0.018000000000000  0.773517682513299  0.000001000000000
0.019000000000000  0.773209813036325  0.000001000000000
0.020000000000000  0.772902433777341  0.000001000000000
0.021000000000000  0.772595543518236  0.000001000000000
0.022000000000000  0.772289141045096  0.000001000000000
0.023000000000000  0.771983225148190  0.000001000000000
0.024000000000000  0.771677794621947  0.000001000000000
0.025000000000000  0.771372848264942  0.000001000000000
0.026000000000000  0.771068384879875  0.000001000000000
0.027000000000000  0.770764403273554  0.000001000000000
0.028000000000000  0.770460902256875  0.000001000000000
0.029000000000000  0.770157880644808  0.000001000000000
0.030000000000000  0.769855337256374  0.000001000000000
0.031000000000000  0.769553270914633  0.000001000000000
0.032000000000000  0.769251680446661  0.000001000000000
0.033000000000000  0.768950564683536  0.000001000000000
0.034000000000000  0.768649922460317  0.000001000000000
0.035000000000000  0.768349752616032  0.000001000000000
0.036000000000000  0.768050053993655  0.000001000000000
0.037000000000000  0.767750825440093  0.000001000000000
0.038000000000000  0.767452065806165  0.000001000000000
0.039000000000000  0.767153773946590  0.000001000000000
0.040000000000000  0.766855948719966  0.000001000000000
0.041000000000000  0.766558588988753  0.000001000000000
0.042000000000000  0.766261693619259  0.000001000000000
0.043000000000000  0.765965261481623  0.000001000000000
0.044000000000000  0.765669291449794  0.000001000000000
0.045000000000000  0.765373782401523  0.000001000000000
0.046000000000000  0.765078733218336  0.000001000000000
0.047000000000000  0.764784142785526  0.000001000000000
0.048000000000000  0.764490009992135  0.000001000000000
0.049000000000000  0.764196333730935  0.000001000000000
0.050000000000000  0.763903112898413  0.000001000000000
0.051000000000000  0.763610346394759  0.000001000000000
0.052000000000000  0.763318033123842  0.000001000000000
0.053000000000000  0.763026171993204  0.000001000000000
0.054000000000000  0.762734761914036  0.000001000000000
0.055000000000000  0.762443801801167  0.000001000000000
0.056000000000000  0.762153290573047  0.000001000000000
0.057000000000000  0.761863227151732  0.000001000000000
0.058000000000000  0.761573610462867  0.000001000000000
0.059000000000000  0.761284439435672  0.000001000000000
0.060000000000000  0.760995713002928  0.000001000000000
0.061000000000000  0.760707430100960  0.000001000000000
0.062000000000000  0.760419589669622  0.000001000000000
0.063000000000000  0.760132190652282  0.000001000000000
0.064000000000000  0.759845231995809  0.000001000000000
0.065000000000000  0.759558712650554  0.000001000000000
0.066000000000000  0.759272631570341  0.000001000000000
0.067000000000000  0.758986987712446  0.000001000000000
0.068000000000000  0.758701780037589  0.000001000000000
0.069000000000000  0.758417007509913  0.000001000000000
0.070000000000000  0.758132669096974  0.000001000000000
0.071000000000000  0.757848763769724  0.000001000000000
0.072000000000000  0.757565290502499  0.000001000000000
0.073000000000000  0.757282248273004  0.000001000000000
0.074000000000000  0.756999636062296  0.000001000000000
0.075000000000000  0.756717452854775  0.000001000000000
0.076000000000000  0.756435697638164  0.000001000000000
0.077000000000000  0.756154369403502  0.000001000000000
0.078000000000000  0.755873467145124  0.000001000000000
0.079000000000000  0.755592989860651  0.000001000000000
0.080000000000000  0.755312936550972  0.000001000000000
0.081000000000000  0.755033306220236  0.000001000000000
0.082000000000000  0.754754097875835  0.000001000000000
0.083000000000000  0.754475310528391  0.000001000000000
0.084000000000000  0.754196943191741  0.000001000000000
0.085000000000000  0.753918994882928  0.000001000000000
0.086000000000000  0.753641464622181  0.000001000000000
0.087000000000000  0.753364351432910  0.000001000000000
0.088000000000000  0.753087654341684  0.000001000000000
0.089000000000000  0.752811372378226  0.000001000000000
0.090000000000000  0.752535504575393  0.000001000000000
0.091000000000000  0.752260049969168  0.000001000000000
0.092000000000000  0.751985007598646  0.000001000000000
0.093000000000000  0.751710376506017  0.000001000000000
0.094000000000000  0.751436155736560  0.000001000000000
0.095000000000000  0.751162344338626  0.000001000000000
0.096000000000000  0.750888941363625  0.000001000000000
0.097000000000000  0.750615945866015  0.000001000000000
0.098000000000000  0.750343356903290  0.000001000000000
0.099000000000000  0.750071173535965  0.000001000000000
0.100000000000000  0.749799394827566  0.000001000000000
0.101000000000000  0.749528019844618  0.000001000000000
0.102000000000000  0.749257047656628  0.000001000000000
0.103000000000000  0.748986477336079  0.000001000000000
0.104000000000000  0.748716307958415  0.000001000000000
0.105000000000000  0.748446538602028  0.000001000000000
0.106000000000000  0.748177168348246  0.000001000000000
0.107000000000000  0.747908196281324  0.000001000000000
0.108000000000000  0.747639621488429  0.000001000000000
0.109000000000000  0.747371443059629  0.000001000000000
0.110000000000000  0.747103660087881  0.000001000000000
0.111000000000000  0.746836271669019  0.000001000000000
0.112000000000000  0.746569276901745  0.000001000000000
0.113000000000000  0.746302674887613  0.000001000000000
0.114000000000000  0.746036464731021  0.000001000000000
0.115000000000000  0.745770645539196  0.000001000000000
0.116000000000000  0.745505216422188  0.000001000000000
0.117000000000000  0.745240176492852  0.000001000000000
0.118000000000000  0.744975524866842  0.000001000000000
0.119000000000000  0.744711260662596  0.000001000000000
0.120000000000000  0.744447383001326  0.000001000000000
0.121000000000000  0.744183891007010  0.000001000000000
0.122000000000000  0.743920783806374  0.000001000000000
0.123000000000000  0.743658060528889  0.000001000000000
0.124000000000000  0.743395720306753  0.000001000000000
0.125000000000000  0.743133762274883  0.000001000000000
0.126000000000000  0.742872185570906  0.000001000000000
0.127000000000000  0.742610989335143  0.000001000000000
0.128000000000000  0.742350172710605  0.000001000000000
0.129000000000000  0.742089734842977  0.000001000000000
0.130000000000000  0.741829674880607  0.000001000000000
0.131000000000000  0.741569991974500  0.000001000000000
0.132000000000000  0.741310685278304  0.000001000000000
0.133000000000000  0.741051753948298  0.000001000000000
0.134000000000000  0.740793197143387  0.000001000000000
0.135000000000000  0.740535014025085  0.000001000000000
0.136000000000000  0.740277203757509  0.000001000000000
0.137000000000000  0.740019765507368  0.000001000000000
0.138000000000000  0.739762698443952  0.000001000000000
0.139000000000000  0.739506001739121  0.000001000000000
0.140000000000000  0.739249674567296  0.000001000000000
0.141000000000000  0.738993716105448  0.000001000000000
0.142000000000000  0.738738125533090  0.000001000000000
0.143000000000000  0.738482902032264  0.000001000000000
0.144000000000000  0.738228044787533  0.000001000000000
0.145000000000000  0.737973552985970  0.000001000000000
0.146000000000000  0.737719425817149  0.000001000000000
0.147000000000000  0.737465662473134  0.000001000000000
0.148000000000000  0.737212262148471  0.000001000000000
0.149000000000000  0.736959224040176  0.000001000000000
0.150000000000000  0.736706547347727  0.000001000000000
0.151000000000000  0.736454231273054  0.000001000000000
0.152000000000000  0.736202275020528  0.000001000000000
0.153000000000000  0.735950677796953  0.000001000000000
0.154000000000000  0.735699438811557  0.000001000000000
0.155000000000000  0.735448557275980  0.000001000000000
0.156000000000000  0.735198032404267  0.000001000000000
0.157000000000000  0.734947863412857  0.000001000000000
0.158000000000000  0.734698049520576  0.000001000000000
0.159000000000000  0.734448589948625  0.000001000000000
0.160000000000000  0.734199483920570  0.000001000000000
0.161000000000000  0.733950730662338  0.000001000000000
0.162000000000000  0.733702329402201  0.000001000000000
0.163000000000000  0.733454279370773  0.000001000000000
0.164000000000000  0.733206579800996  0.000001000000000
0.165000000000000  0.732959229928136  0.000001000000000
0.166000000000000  0.732712228989767  0.000001000000000
0.167000000000000  0.732465576225771  0.000001000000000
0.168000000000000  0.732219270878320  0.000001000000000
0.169000000000000  0.731973312191873  0.000001000000000
0.170000000000000  0.731727699413167  0.000001000000000
0.171000000000000  0.731482431791205  0.000001000000000
0.172000000000000  0.731237508577250  0.000001000000000
0.173000000000000  0.730992929024814  0.000001000000000
0.174000000000000  0.730748692389652  0.000001000000000
0.175000000000000  0.730504797929751  0.000001000000000
0.176000000000000  0.730261244905324  0.000001000000000
0.177000000000000  0.730018032578798  0.000001000000000
0.178000000000000  0.729775160214809  0.000001000000000
0.179000000000000  0.729532627080191  0.000001000000000
0.180000000000000  0.729290432443969  0.000001000000000
0.181000000000000  0.729048575577349  0.000001000000000
0.182000000000000  0.728807055753713  0.000001000000000
0.183000000000000  0.728565872248607  0.000001000000000
0.184000000000000  0.728325024339733  0.000001000000000
0.185000000000000  0.728084511306945  0.000001000000000
0.186000000000000  0.727844332432235  0.000001000000000
0.187000000000000  0.727604486999730  0.000001000000000
0.188000000000000  0.727364974295679  0.000001000000000
0.189000000000000  0.727125793608449  0.000001000000000
0.190000000000000  0.726886944228515  0.000001000000000
0.191000000000000  0.726648425448454  0.000001000000000
0.192000000000000  0.726410236562932  0.000001000000000
0.193000000000000  0.726172376868703  0.000001000000000
0.194000000000000  0.725934845664595  0.000001000000000
0.195000000000000  0.725697642251507  0.000001000000000
0.196000000000000  0.725460765932396  0.000001000000000
0.197000000000000  0.725224216012276  0.000001000000000
0.198000000000000  0.724987991798203  0.000001000000000
0.199000000000000  0.724752092599271  0.000001000000000
0.200000000000000  0.724516517726608  0.000001000000000
0.201000000000000  0.724281266493359  0.000001000000000
0.202000000000000  0.724046338214686  0.000001000000000
0.203000000000000  0.723811732207760  0.000001000000000
0.204000000000000  0.723577447791749  0.000001000000000
0.205000000000000  0.723343484287814  0.000001000000000
0.206000000000000  0.723109841019102  0.000001000000000
0.207000000000000  0.722876517310735  0.000001000000000
0.208000000000000  0.722643512489805  0.000001000000000
0.209000000000000  0.722410825885370  0.000001000000000
0.210000000000000  0.722178456828439  0.000001000000000
0.211000000000000  0.721946404651970  0.000001000000000
0.212000000000000  0.721714668690863  0.000001000000000
0.213000000000000  0.721483248281950  0.000001000000000
0.214000000000000  0.721252142763990  0.000001000000000
0.215000000000000  0.721021351477660  0.000001000000000
0.216000000000000  0.720790873765549  0.000001000000000
0.217000000000000  0.720560708972152  0.000001000000000
0.218000000000000  0.720330856443860  0.000001000000000
0.219000000000000  0.720101315528956  0.000001000000000
0.220000000000000  0.719872085577606  0.000001000000000
0.221000000000000  0.719643165941853  0.000001000000000
0.222000000000000  0.719414555975608  0.000001000000000
0.223000000000000  0.719186255034649  0.000001000000000
0.224000000000000  0.718958262476605  0.000001000000000
0.225000000000000  0.718730577660956  0.000001000000000
0.226000000000000  0.718503199949026  0.000001000000000
0.227000000000000  0.718276128703973  0.000001000000000
0.228000000000000  0.718049363290783  0.000001000000000
0.229000000000000  0.717822903076264  0.000001000000000
0.230000000000000  0.717596747429041  0.000001000000000
0.231000000000000  0.717370895719547  0.000001000000000
0.232000000000000  0.717145347320016  0.000001000000000
0.233000000000000  0.716920101604477  0.000001000000000
0.234000000000000  0.716695157948750  0.000001000000000
0.235000000000000  0.716470515730436  0.000001000000000
0.236000000000000  0.716246174328911  0.000001000000000
0.237000000000000  0.716022133125321  0.000001000000000
0.238000000000000  0.715798391502576  0.000001000000000
0.239000000000000  0.715574948845339  0.000001000000000
0.240000000000000  0.715351804540027  0.000001000000000
0.241000000000000  0.715128957974797  0.000001000000000
0.242000000000000  0.714906408539546  0.000001000000000
0.243000000000000  0.714684155625900  0.000001000000000
0.244000000000000  0.714462198627210  0.000001000000000
0.245000000000000  0.714240536938547  0.000001000000000
0.246000000000000  0.714019169956691  0.000001000000000
0.247000000000000  0.713798097080131  0.000001000000000
0.248000000000000  0.713577317709054  0.000001000000000
0.249000000000000  0.713356831245341  0.000001000000000
0.250000000000000  0.713136637092560  0.000001000000000
0.251000000000000  0.712916734655961  0.000001000000000
0.252000000000000  0.712697123342468  0.000001000000000
0.253000000000000  0.712477802560677  0.000001000000000
0.254000000000000  0.712258771720845  0.000001000000000
0.255000000000000  0.712040030234885  0.000001000000000
0.256000000000000  0.711821577516365  0.000001000000000
0.257000000000000  0.711603412980495  0.000001000000000
0.258000000000000  0.711385536044126  0.000001000000000
0.259000000000000  0.711167946125742  0.000001000000000
0.260000000000000  0.710950642645455  0.000001000000000
0.261000000000000  0.710733625024998  0.000001000000000
0.262000000000000  0.710516892687720  0.000001000000000
0.263000000000000  0.710300445058582  0.000001000000000
0.264000000000000  0.710084281564148  0.000001000000000
0.265000000000000  0.709868401632581  0.000001000000000
0.266000000000000  0.709652804693636  0.000001000000000
0.267000000000000  0.709437490178658  0.000001000000000
0.268000000000000  0.709222457520570  0.000001000000000
0.269000000000000  0.709007706153874  0.000001000000000
0.270000000000000  0.708793235514641  0.000001000000000
0.271000000000000  0.708579045040507  0.000001000000000
0.272000000000000  0.708365134170669  0.000001000000000
0.273000000000000  0.708151502345874  0.000001000000000
0.274000000000000  0.707938149008421  0.000001000000000
0.275000000000000  0.707725073602150  0.000001000000000
0.276000000000000  0.707512275572437  0.000001000000000
0.277000000000000  0.707299754366193  0.000001000000000
0.278000000000000  0.707087509431853  0.000001000000000
0.279000000000000  0.706875540219373  0.000001000000000
0.280000000000000  0.706663846180226  0.000001000000000
0.281000000000000  0.706452426767394  0.000001000000000
0.282000000000000  0.706241281435364  0.000001000000000
0.283000000000000  0.706030409640124  0.000001000000000
0.284000000000000  0.705819810839156  0.000001000000000
0.285000000000000  0.705609484491429  0.000001000000000
0.286000000000000  0.705399430057398  0.000001000000000
0.287000000000000  0.705189646998996  0.000001000000000
0.288000000000000  0.704980134779630  0.000001000000000
0.289000000000000  0.704770892864175  0.000001000000000
0.290000000000000  0.704561920718968  0.000001000000000
0.291000000000000  0.704353217811806  0.000001000000000
0.292000000000000  0.704144783611937  0.000001000000000
0.293000000000000  0.703936617590058  0.000001000000000
0.294000000000000  0.703728719218309  0.000001000000000
0.295000000000000  0.703521087970268  0.000001000000000
0.296000000000000  0.703313723320943  0.000001000000000
0.297000000000000  0.703106624746773  0.000001000000000
0.298000000000000  0.702899791725619  0.000001000000000
0.299000000000000  0.702693223736758  0.000001000000000
0.300000000000000  0.702486920260882  0.000001000000000
0.301000000000000  0.702280880780090  0.000001000000000
0.302000000000000  0.702075104777884  0.000001000000000
0.303000000000000  0.701869591739164  0.000001000000000
0.304000000000000  0.701664341150225  0.000001000000000
0.305000000000000  0.701459352498748  0.000001000000000
0.306000000000000  0.701254625273800  0.000001000000000
0.307000000000000  0.701050158965826  0.000001000000000
0.308000000000000  0.700845953066644  0.000001000000000
0.309000000000000  0.700642007069442  0.000001000000000
0.310000000000000  0.700438320468776  0.000001000000000
0.311000000000000  0.700234892760556  0.000001000000000
0.312000000000000  0.700031723442053  0.000001000000000
0.313000000000000  0.699828812011884  0.000001000000000
0.314000000000000  0.699626157970016  0.000001000000000
0.315000000000000  0.699423760817754  0.000001000000000
0.316000000000000  0.699221620057741  0.000001000000000
0.317000000000000  0.699019735193954  0.000001000000000
0.318000000000000  0.698818105731694  0.000001000000000
0.319000000000000  0.698616731177588  0.000001000000000
0.320000000000000  0.698415611039580  0.000001000000000
0.321000000000000  0.698214744826929  0.000001000000000
0.322000000000000  0.698014132050202  0.000001000000000
0.323000000000000  0.697813772221272  0.000001000000000
0.324000000000000  0.697613664853314  0.000001000000000
0.325000000000000  0.697413809460795  0.000001000000000
0.326000000000000  0.697214205559478  0.000001000000000
0.327000000000000  0.697014852666410  0.000001000000000
0.328000000000000  0.696815750299925  0.000001000000000
0.329000000000000  0.696616897979630  0.000001000000000
0.330000000000000  0.696418295226412  0.000001000000000
0.331000000000000  0.696219941562423  0.000001000000000
0.332000000000000  0.696021836511083  0.000001000000000
0.333000000000000  0.695823979597074  0.000001000000000
0.334000000000000  0.695626370346333  0.000001000000000
0.335000000000000  0.695429008286050  0.000001000000000
0.336000000000000  0.695231892944665  0.000001000000000
0.337000000000000  0.695035023851861  0.000001000000000
0.338000000000000  0.694838400538562  0.000001000000000
0.339000000000000  0.694642022536926  0.000001000000000
0.340000000000000  0.694445889380345  0.000001000000000
0.341000000000000  0.694250000603437  0.000001000000000
0.342000000000000  0.694054355742044  0.000001000000000
0.343000000000000  0.693858954333227  0.000001000000000
0.344000000000000  0.693663795915263  0.000001000000000
0.345000000000000  0.693468880027640  0.000001000000000
0.346000000000000  0.693274206211051  0.000001000000000
0.347000000000000  0.693079774007394  0.000001000000000
0.348000000000000  0.692885582959766  0.000001000000000
0.349000000000000  0.692691632612458  0.000001000000000
0.350000000000000  0.692497922510953  0.000001000000000
0.351000000000000  0.692304452201919  0.000001000000000
0.352000000000000  0.692111221233209  0.000001000000000
0.353000000000000  0.691918229153854  0.000001000000000
0.354000000000000  0.691725475514060  0.000001000000000
0.355000000000000  0.691532959865206  0.000001000000000
0.356000000000000  0.691340681759834  0.000001000000000
0.357000000000000  0.691148640751654  0.000001000000000
0.358000000000000  0.690956836395533  0.000001000000000
0.359000000000000  0.690765268247494  0.000001000000000
0.360000000000000  0.690573935864712  0.000001000000000
0.361000000000000  0.690382838805510  0.000001000000000
0.362000000000000  0.690191976629355  0.000001000000000
0.363000000000000  0.690001348896854  0.000001000000000
0.364000000000000  0.689810955169751  0.000001000000000
0.365000000000000  0.689620795010923  0.000001000000000
0.366000000000000  0.689430867984376  0.000001000000000
0.367000000000000  0.689241173655240  0.000001000000000
0.368000000000000  0.689051711589768  0.000001000000000
0.369000000000000  0.688862481355331  0.000001000000000
0.370000000000000  0.688673482520414  0.000001000000000
0.371000000000000  0.688484714654611  0.000001000000000
0.372000000000000  0.688296177328625  0.000001000000000
0.373000000000000  0.688107870114261  0.000001000000000
0.374000000000000  0.687919792584425  0.000001000000000
0.375000000000000  0.687731944313116  0.000001000000000
0.376000000000000  0.687544324875428  0.000001000000000
0.377000000000000  0.687356933847544  0.000001000000000
0.378000000000000  0.687169770806729  0.000001000000000
0.379000000000000  0.686982835331334  0.000001000000000
0.380000000000000  0.686796127000785  0.000001000000000
0.381000000000000  0.686609645395583  0.000001000000000
0.382000000000000  0.686423390097301  0.000001000000000
0.383000000000000  0.686237360688580  0.000001000000000
0.384000000000000  0.686051556753122  0.000001000000000
0.385000000000000  0.685865977875694  0.000001000000000
0.386000000000000  0.685680623642116  0.000001000000000
0.387000000000000  0.685495493639265  0.000001000000000
0.388000000000000  0.685310587455065  0.000001000000000
0.389000000000000  0.685125904678491  0.000001000000000
0.390000000000000  0.684941444899557  0.000001000000000
0.391000000000000  0.684757207709319  0.000001000000000
0.392000000000000  0.684573192699871  0.000001000000000
0.393000000000000  0.684389399464338  0.000001000000000
0.394000000000000  0.684205827596877  0.000001000000000
0.395000000000000  0.684022476692668  0.000001000000000
0.396000000000000  0.683839346347919  0.000001000000000
0.397000000000000  0.683656436159855  0.000001000000000
0.398000000000000  0.683473745726718  0.000001000000000
0.399000000000000  0.683291274647764  0.000001000000000
0.400000000000000  0.683109022523258  0.000001000000000
0.401000000000000  0.682926988954473  0.000001000000000
0.402000000000000  0.682745173543685  0.000001000000000
0.403000000000000  0.682563575894172  0.000001000000000
0.404000000000000  0.682382195610205  0.000001000000000
0.405000000000000  0.682201032297053  0.000001000000000
0.406000000000000  0.682020085560974  0.000001000000000
0.407000000000000  0.681839355009214  0.000001000000000
0.408000000000000  0.681658840250003  0.000001000000000
0.409000000000000  0.681478540892551  0.000001000000000
0.410000000000000  0.681298456547049  0.000001000000000
0.411000000000000  0.681118586824661  0.000001000000000
0.412000000000000  0.680938931337523  0.000001000000000
0.413000000000000  0.680759489698738  0.000001000000000
0.414000000000000  0.680580261522379  0.000001000000000
0.415000000000000  0.680401246423477  0.000001000000000
0.416000000000000  0.680222444018024  0.000001000000000
0.417000000000000  0.680043853922970  0.000001000000000
0.418000000000000  0.679865475756215  0.000001000000000
0.419000000000000  0.679687309136613  0.000001000000000
0.420000000000000  0.679509353683962  0.000001000000000
0.421000000000000  0.679331609019006  0.000001000000000
0.422000000000000  0.679154074763430  0.000001000000000
0.423000000000000  0.678976750539857  0.000001000000000
0.424000000000000  0.678799635971845  0.000001000000000
0.425000000000000  0.678622730683885  0.000001000000000
0.426000000000000  0.678446034301396  0.000001000000000
0.427000000000000  0.678269546450725  0.000001000000000
0.428000000000000  0.678093266759142  0.000001000000000
0.429000000000000  0.677917194854836  0.000001000000000
0.430000000000000  0.677741330366916  0.000001000000000
0.431000000000000  0.677565672925404  0.000001000000000
0.432000000000000  0.677390222161234  0.000001000000000
0.433000000000000  0.677214977706250  0.000001000000000
0.434000000000000  0.677039939193201  0.000001000000000
0.435000000000000  0.676865106255739  0.000001000000000
0.436000000000000  0.676690478528418  0.000001000000000
0.437000000000000  0.676516055646688  0.000001000000000
0.438000000000000  0.676341837246894  0.000001000000000
0.439000000000000  0.676167822966273  0.000001000000000
0.440000000000000  0.675994012442952  0.000001000000000
0.441000000000000  0.675820405315942  0.000001000000000
0.442000000000000  0.675647001225141  0.000001000000000
0.443000000000000  0.675473799811324  0.000001000000000
0.444000000000000  0.675300800716147  0.000001000000000
0.445000000000000  0.675128003582139  0.000001000000000
0.446000000000000  0.674955408052703  0.000001000000000
0.447000000000000  0.674783013772112  0.000001000000000
0.448000000000000  0.674610820385504  0.000001000000000
0.449000000000000  0.674438827538884  0.000001000000000
0.450000000000000  0.674267034879117  0.000001000000000
0.451000000000000  0.674095442053927  0.000001000000000
0.452000000000000  0.673924048711895  0.000001000000000
0.453000000000000  0.673752854502455  0.000001000000000
0.454000000000000  0.673581859075893  0.000001000000000
0.455000000000000  0.673411062083342  0.000001000000000
0.456000000000000  0.673240463176782  0.000001000000000
0.457000000000000  0.673070062009035  0.000001000000000
0.458000000000000  0.672899858233764  0.000001000000000
0.459000000000000  0.672729851505469  0.000001000000000
0.460000000000000  0.672560041479487  0.000001000000000
0.461000000000000  0.672390427811986  0.000001000000000
0.462000000000000  0.672221010159965  0.000001000000000
0.463000000000000  0.672051788181251  0.000001000000000
0.464000000000000  0.671882761534494  0.000001000000000
0.465000000000000  0.671713929879168  0.000001000000000
0.466000000000000  0.671545292875567  0.000001000000000
0.467000000000000  0.671376850184801  0.000001000000000
0.468000000000000  0.671208601468797  0.000001000000000
0.469000000000000  0.671040546390292  0.000001000000000
0.470000000000000  0.670872684612834  0.000001000000000
0.471000000000000  0.670705015800779  0.000001000000000
0.472000000000000  0.670537539619286  0.000001000000000
0.473000000000000  0.670370255734319  0.000001000000000
0.474000000000000  0.670203163812639  0.000001000000000
0.475000000000000  0.670036263521806  0.000001000000000
0.476000000000000  0.669869554530175  0.000001000000000
0.477000000000000  0.669703036506894  0.000001000000000
0.478000000000000  0.669536709121900  0.000001000000000
0.479000000000000  0.669370572045919  0.000001000000000
0.480000000000000  0.669204624950461  0.000001000000000
0.481000000000000  0.669038867507820  0.000001000000000
0.482000000000000  0.668873299391071  0.000001000000000
0.483000000000000  0.668707920274065  0.000001000000000
0.484000000000000  0.668542729831431  0.000001000000000
0.485000000000000  0.668377727738570  0.000001000000000
0.486000000000000  0.668212913671655  0.000001000000000
0.487000000000000  0.668048287307628  0.000001000000000
0.488000000000000  0.667883848324196  0.000001000000000
0.489000000000000  0.667719596399832  0.000001000000000
0.490000000000000  0.667555531213768  0.000001000000000
0.491000000000000  0.667391652445998  0.000001000000000
0.492000000000000  0.667227959777272  0.000001000000000
0.493000000000000  0.667064452889095  0.000001000000000
0.494000000000000  0.666901131463725  0.000001000000000
0.495000000000000  0.666737995184169  0.000001000000000
0.496000000000000  0.666575043734184  0.000001000000000
0.497000000000000  0.666412276798270  0.000001000000000
0.498000000000000  0.666249694061674  0.000001000000000
0.499000000000000  0.666087295210382  0.000001000000000
0.500000000000000  0.665925079931118  0.000001000000000
0.501000000000000  0.665763047911345  0.000001000000000
0.502000000000000  0.665601198839260  0.000001000000000
0.503000000000000  0.665439532403792  0.000001000000000
0.504000000000000  0.665278048294600  0.000001000000000
0.505000000000000  0.665116746202071  0.000001000000000
0.506000000000000  0.664955625817318  0.000001000000000
0.507000000000000  0.664794686832178  0.000001000000000
0.508000000000000  0.664633928939209  0.000001000000000
0.509000000000000  0.664473351831688  0.000001000000000
0.510000000000000  0.664312955203609  0.000001000000000
0.511000000000000  0.664152738749682  0.000001000000000
0.512000000000000  0.663992702165328  0.000001000000000
0.513000000000000  0.663832845146682  0.000001000000000
0.514000000000000  0.663673167390583  0.000001000000000
0.515000000000000  0.663513668594580  0.000001000000000
0.516000000000000  0.663354348456924  0.000001000000000
0.517000000000000  0.663195206676572  0.000001000000000
0.518000000000000  0.663036242953176  0.000001000000000
0.519000000000000  0.662877456987089  0.000001000000000
0.520000000000000  0.662718848479361  0.000001000000000
0.521000000000000  0.662560417131733  0.000001000000000
0.522000000000000  0.662402162646639  0.000001000000000
0.523000000000000  0.662244084727205  0.000001000000000
0.524000000000000  0.662086183077242  0.000001000000000
0.525000000000000  0.661928457401247  0.000001000000000
0.526000000000000  0.661770907404402  0.000001000000000
0.527000000000000  0.661613532792569  0.000001000000000
0.528000000000000  0.661456333272291  0.000001000000000
0.529000000000000  0.661299308550789  0.000001000000000
0.530000000000000  0.661142458335958  0.000001000000000
0.531000000000000  0.660985782336367  0.000001000000000
0.532000000000000  0.660829280261258  0.000001000000000
0.533000000000000  0.660672951820540  0.000001000000000
0.534000000000000  0.660516796724793  0.000001000000000
0.535000000000000  0.660360814685261  0.000001000000000
0.536000000000000  0.660205005413850  0.000001000000000
0.537000000000000  0.660049368623132  0.000001000000000
0.538000000000000  0.659893904026334  0.000001000000000
0.539000000000000  0.659738611337345  0.000001000000000
0.540000000000000  0.659583490270707  0.000001000000000
0.541000000000000  0.659428540541618  0.000001000000000
0.542000000000000  0.659273761865928  0.000001000000000
0.543000000000000  0.659119153960136  0.000001000000000
0.544000000000000  0.658964716541389  0.000001000000000
0.545000000000000  0.658810449327483  0.000001000000000
0.546000000000000  0.658656352036856  0.000001000000000
0.547000000000000  0.658502424388590  0.000001000000000
0.548000000000000  0.658348666102406  0.000001000000000
0.549000000000000  0.658195076898666  0.000001000000000
0.550000000000000  0.658041656498369  0.000001000000000
0.551000000000000  0.657888404623146  0.000001000000000
0.552000000000000  0.657735320995266  0.000001000000000
0.553000000000000  0.657582405337626  0.000001000000000
0.554000000000000  0.657429657373753  0.000001000000000
0.555000000000000  0.657277076827804  0.000001000000000
0.556000000000000  0.657124663424559  0.000001000000000
0.557000000000000  0.656972416889425  0.000001000000000
0.558000000000000  0.656820336948428  0.000001000000000
0.559000000000000  0.656668423328218  0.000001000000000
0.560000000000000  0.656516675756061  0.000001000000000
0.561000000000000  0.656365093959842  0.000001000000000
0.562000000000000  0.656213677668060  0.000001000000000
0.563000000000000  0.656062426609828  0.000001000000000
0.564000000000000  0.655911340514869  0.000001000000000
0.565000000000000  0.655760419113518  0.000001000000000
0.566000000000000  0.655609662136717  0.000001000000000
0.567000000000000  0.655459069316014  0.000001000000000
0.568000000000000  0.655308640383562  0.000001000000000
0.569000000000000  0.655158375072117  0.000001000000000
0.570000000000000  0.655008273115035  0.000001000000000
0.571000000000000  0.654858334246273  0.000001000000000
0.572000000000000  0.654708558200385  0.000001000000000
0.573000000000000  0.654558944712519  0.000001000000000
0.574000000000000  0.654409493518421  0.000001000000000
0.575000000000000  0.654260204354426  0.000001000000000
0.576000000000000  0.654111076957461  0.000001000000000
0.577000000000000  0.653962111065043  0.000001000000000
0.578000000000000  0.653813306415276  0.000001000000000
0.579000000000000  0.653664662746847  0.000001000000000
0.580000000000000  0.653516179799031  0.000001000000000
0.581000000000000  0.653367857311684  0.000001000000000
0.582000000000000  0.653219695025242  0.000001000000000
0.583000000000000  0.653071692680719  0.000001000000000
0.584000000000000  0.652923850019710  0.000001000000000
0.585000000000000  0.652776166784382  0.000001000000000
0.586000000000000  0.652628642717478  0.000001000000000
0.587000000000000  0.652481277562313  0.000001000000000
0.588000000000000  0.652334071062773  0.000001000000000
0.589000000000000  0.652187022963314  0.000001000000000
0.590000000000000  0.652040133008956  0.000001000000000
0.591000000000000  0.651893400945291  0.000001000000000
0.592000000000000  0.651746826518469  0.000001000000000
0.593000000000000  0.651600409475208  0.000001000000000
0.594000000000000  0.651454149562783  0.000001000000000
0.595000000000000  0.651308046529031  0.000001000000000
0.596000000000000  0.651162100122347  0.000001000000000
0.597000000000000  0.651016310091682  0.000001000000000
0.598000000000000  0.650870676186540  0.000001000000000
0.599000000000000  0.650725198156981  0.000001000000000
0.600000000000000  0.650579875753616  0.000001000000000
0.601000000000000  0.650434708727604  0.000001000000000
0.602000000000000  0.650289696830656  0.000001000000000
0.603000000000000  0.650144839815027  0.000001000000000
0.604000000000000  0.650000137433520  0.000001000000000
0.605000000000000  0.649855589439479  0.000001000000000
0.606000000000000  0.649711195586793  0.000001000000000
0.607000000000000  0.649566955629891  0.000001000000000
0.608000000000000  0.649422869323742  0.000001000000000
0.609000000000000  0.649278936423850  0.000001000000000
0.610000000000000  0.649135156686259  0.000001000000000
0.611000000000000  0.648991529867546  0.000001000000000
0.612000000000000  0.648848055724822  0.000001000000000
0.613000000000000  0.648704734015729  0.000001000000000
0.614000000000000  0.648561564498439  0.000001000000000
0.615000000000000  0.648418546931655  0.000001000000000
0.616000000000000  0.648275681074605  0.000001000000000
0.617000000000000  0.648132966687045  0.000001000000000
0.618000000000000  0.647990403529253  0.000001000000000
0.619000000000000  0.647847991362032  0.000001000000000
0.620000000000000  0.647705729946705  0.000001000000000
0.621000000000000  0.647563619045116  0.000001000000000
0.622000000000000  0.647421658419628  0.000001000000000
0.623000000000000  0.647279847833121  0.000001000000000
0.624000000000000  0.647138187048988  0.000001000000000
0.625000000000000  0.646996675831140  0.000001000000000
0.626000000000000  0.646855313943999  0.000001000000000
0.627000000000000  0.646714101152498  0.000001000000000
0.628000000000000  0.646573037222082  0.000001000000000
0.629000000000000  0.646432121918703  0.000001000000000
0.630000000000000  0.646291355008819  0.000001000000000
0.631000000000000  0.646150736259397  0.000001000000000
0.632000000000000  0.646010265437905  0.000001000000000
0.633000000000000  0.645869942312316  0.000001000000000
0.634000000000000  0.645729766651103  0.000001000000000
0.635000000000000  0.645589738223243  0.000001000000000
0.636000000000000  0.645449856798205  0.000001000000000
0.637000000000000  0.645310122145963  0.000001000000000
0.638000000000000  0.645170534036981  0.000001000000000
0.639000000000000  0.645031092242220  0.000001000000000
0.640000000000000  0.644891796533136  0.000001000000000
0.641000000000000  0.644752646681674  0.000001000000000
0.642000000000000  0.644613642460271  0.000001000000000
0.643000000000000  0.644474783641853  0.000001000000000
0.644000000000000  0.644336069999834  0.000001000000000
0.645000000000000  0.644197501308115  0.000001000000000
0.646000000000000  0.644059077341081  0.000001000000000
0.647000000000000  0.643920797873601  0.000001000000000
0.648000000000000  0.643782662681029  0.000001000000000
0.649000000000000  0.643644671539196  0.000001000000000
0.650000000000000  0.643506824224417  0.000001000000000
0.651000000000000  0.643369120513482  0.000001000000000
0.652000000000000  0.643231560183662  0.000001000000000
0.653000000000000  0.643094143012700  0.000001000000000
0.654000000000000  0.642956868778818  0.000001000000000
0.655000000000000  0.642819737260706  0.000001000000000
0.656000000000000  0.642682748237532  0.000001000000000
0.657000000000000  0.642545901488930  0.000001000000000
0.658000000000000  0.642409196795006  0.000001000000000
0.659000000000000  0.642272633936333  0.000001000000000
0.660000000000000  0.642136212693952  0.000001000000000
0.661000000000000  0.641999932849370  0.000001000000000
0.662000000000000  0.641863794184555  0.000001000000000
0.663000000000000  0.641727796481943  0.000001000000000
0.664000000000000  0.641591939524429  0.000001000000000
0.665000000000000  0.641456223095369  0.000001000000000
0.666000000000000  0.641320646978578  0.000001000000000
0.667000000000000  0.641185210958330  0.000001000000000
0.668000000000000  0.641049914819356  0.000001000000000
0.669000000000000  0.640914758346841  0.000001000000000
0.670000000000000  0.640779741326427  0.000001000000000
0.671000000000000  0.640644863544206  0.000001000000000
0.672000000000000  0.640510124786725  0.000001000000000
0.673000000000000  0.640375524840980  0.000001000000000
0.674000000000000  0.640241063494417  0.000001000000000
0.675000000000000  0.640106740534930  0.000001000000000
0.676000000000000  0.639972555750861  0.000001000000000
0.677000000000000  0.639838508930995  0.000001000000000
0.678000000000000  0.639704599864566  0.000001000000000
0.679000000000000  0.639570828341248  0.000001000000000
0.680000000000000  0.639437194151159  0.000001000000000
0.681000000000000  0.639303697084857  0.000001000000000
0.682000000000000  0.639170336933341  0.000001000000000
0.683000000000000  0.639037113488048  0.000001000000000
0.684000000000000  0.638904026540854  0.000001000000000
0.685000000000000  0.638771075884068  0.000001000000000
0.686000000000000  0.638638261310437  0.000001000000000
0.687000000000000  0.638505582613142  0.000001000000000
0.688000000000000  0.638373039585796  0.000001000000000
0.689000000000000  0.638240632022443  0.000001000000000
0.690000000000000  0.638108359717559  0.000001000000000
0.691000000000000  0.637976222466049  0.000001000000000
0.692000000000000  0.637844220063245  0.000001000000000
0.693000000000000  0.637712352304909  0.000001000000000
0.694000000000000  0.637580618987225  0.000001000000000
0.695000000000000  0.637449019906805  0.000001000000000
0.696000000000000  0.637317554860683  0.000001000000000
0.697000000000000  0.637186223646317  0.000001000000000
0.698000000000000  0.637055026061584  0.000001000000000
0.699000000000000  0.636923961904785  0.000001000000000
0.700000000000000  0.636793030974636  0.000001000000000
0.701000000000000  0.636662233070274  0.000001000000000
0.702000000000000  0.636531567991252  0.000001000000000
0.703000000000000  0.636401035537539  0.000001000000000
0.704000000000000  0.636270635509519  0.000001000000000
0.705000000000000  0.636140367707988  0.000001000000000
0.706000000000000  0.636010231934156  0.000001000000000
0.707000000000000  0.635880227989645  0.000001000000000
0.708000000000000  0.635750355676487  0.000001000000000
0.709000000000000  0.635620614797122  0.000001000000000
0.710000000000000  0.635491005154399  0.000001000000000
0.711000000000000  0.635361526551575  0.000001000000000
0.712000000000000  0.635232178792312  0.000001000000000
0.713000000000000  0.635102961680677  0.000001000000000
0.714000000000000  0.634973875021141  0.000001000000000
0.715000000000000  0.634844918618577  0.000001000000000
0.716000000000000  0.634716092278263  0.000001000000000
0.717000000000000  0.634587395805873  0.000001000000000
0.718000000000000  0.634458829007485  0.000001000000000
0.719000000000000  0.634330391689572  0.000001000000000
0.720000000000000  0.634202083659008  0.000001000000000
0.721000000000000  0.634073904723059  0.000001000000000
0.722000000000000  0.633945854689392  0.000001000000000
0.723000000000000  0.633817933366063  0.000001000000000
0.724000000000000  0.633690140561526  0.000001000000000
0.725000000000000  0.633562476084624  0.000001000000000
0.726000000000000  0.633434939744593  0.000001000000000
0.727000000000000  0.633307531351058  0.000001000000000
0.728000000000000  0.633180250714036  0.000001000000000
0.729000000000000  0.633053097643930  0.000001000000000
0.730000000000000  0.632926071951529  0.000001000000000
0.731000000000000  0.632799173448012  0.000001000000000
0.732000000000000  0.632672401944940  0.000001000000000
0.733000000000000  0.632545757254259  0.000001000000000
0.734000000000000  0.632419239188299  0.000001000000000
0.735000000000000  0.632292847559772  0.000001000000000
0.736000000000000  0.632166582181771  0.000001000000000
0.737000000000000  0.632040442867768  0.000001000000000
0.738000000000000  0.631914429431617  0.000001000000000
0.739000000000000  0.631788541687548  0.000001000000000
0.740000000000000  0.631662779450169  0.000001000000000
0.741000000000000  0.631537142534463  0.000001000000000
0.742000000000000  0.631411630755791  0.000001000000000
0.743000000000000  0.631286243929887  0.000001000000000
0.744000000000000  0.631160981872857  0.000001000000000
0.745000000000000  0.631035844401180  0.000001000000000
0.746000000000000  0.630910831331709  0.000001000000000
0.747000000000000  0.630785942481664  0.000001000000000
0.748000000000000  0.630661177668636  0.000001000000000
0.749000000000000  0.630536536710585  0.000001000000000
0.750000000000000  0.630412019425838  0.000001000000000
0.751000000000000  0.630287625633088  0.000001000000000
0.752000000000000  0.630163355151394  0.000001000000000
0.753000000000000  0.630039207800182  0.000001000000000
0.754000000000000  0.629915183399238  0.000001000000000
0.755000000000000  0.629791281768713  0.000001000000000
0.756000000000000  0.629667502729121  0.000001000000000
0.757000000000000  0.629543846101335  0.000001000000000
0.758000000000000  0.629420311706588  0.000001000000000
0.759000000000000  0.629296899366474  0.000001000000000
0.760000000000000  0.629173608902944  0.000001000000000
0.761000000000000  0.629050440138306  0.000001000000000
0.762000000000000  0.628927392895224  0.000001000000000
0.763000000000000  0.628804466996720  0.000001000000000
0.764000000000000  0.628681662266168  0.000001000000000
0.765000000000000  0.628558978527296  0.000001000000000
0.766000000000000  0.628436415604185  0.000001000000000
0.767000000000000  0.628313973321269  0.000001000000000
0.768000000000000  0.628191651503332  0.000001000000000
0.769000000000000  0.628069449975507  0.000001000000000
0.770000000000000  0.627947368563278  0.000001000000000
0.771000000000000  0.627825407092476  0.000001000000000
0.772000000000000  0.627703565389280  0.000001000000000
0.773000000000000  0.627581843280215  0.000001000000000
0.774000000000000  0.627460240592151  0.000001000000000
0.775000000000000  0.627338757152304  0.000001000000000
0.776000000000000  0.627217392788234  0.000001000000000
0.777000000000000  0.627096147327843  0.000001000000000
0.778000000000000  0.626975020599375  0.000001000000000
0.779000000000000  0.626854012431415  0.000001000000000
0.780000000000000  0.626733122652889  0.000001000000000
0.781000000000000  0.626612351093064  0.000001000000000
0.782000000000000  0.626491697581541  0.000001000000000
0.783000000000000  0.626371161948265  0.000001000000000
0.784000000000000  0.626250744023512  0.000001000000000
0.785000000000000  0.626130443637898  0.000001000000000
0.786000000000000  0.626010260622372  0.000001000000000
0.787000000000000  0.625890194808218  0.000001000000000
0.788000000000000  0.625770246027055  0.000001000000000
0.789000000000000  0.625650414110832  0.000001000000000
0.790000000000000  0.625530698891832  0.000001000000000
0.791000000000000  0.625411100202667  0.000001000000000
0.792000000000000  0.625291617876280  0.000001000000000
0.793000000000000  0.625172251745945  0.000001000000000
0.794000000000000  0.625053001645262  0.000001000000000
0.795000000000000  0.624933867408160  0.000001000000000
0.796000000000000  0.624814848868894  0.000001000000000
0.797000000000000  0.624695945862045  0.000001000000000
0.798000000000000  0.624577158222520  0.000001000000000
0.799000000000000  0.624458485785550  0.000001000000000
0.800000000000000  0.624339928386689  0.000001000000000
0.801000000000000  0.624221485861815  0.000001000000000
0.802000000000000  0.624103158047126  0.000001000000000
0.803000000000000  0.623984944779143  0.000001000000000
0.804000000000000  0.623866845894706  0.000001000000000
0.805000000000000  0.623748861230975  0.000001000000000
0.806000000000000  0.623630990625429  0.000001000000000
0.807000000000000  0.623513233915864  0.000001000000000
0.808000000000000  0.623395590940393  0.000001000000000
0.809000000000000  0.623278061537448  0.000001000000000
0.810000000000000  0.623160645545772  0.000001000000000
0.811000000000000  0.623043342804427  0.000001000000000
0.812000000000000  0.622926153152786  0.000001000000000
0.813000000000000  0.622809076430536  0.000001000000000
0.814000000000000  0.622692112477678  0.000001000000000
0.815000000000000  0.622575261134522  0.000001000000000
0.816000000000000  0.622458522241691  0.000001000000000
0.817000000000000  0.622341895640116  0.000001000000000
0.818000000000000  0.622225381171038  0.000001000000000
0.819000000000000  0.622108978676009  0.000001000000000
0.820000000000000  0.621992687996884  0.000001000000000
0.821000000000000  0.621876508975829  0.000001000000000
0.822000000000000  0.621760441455315  0.000001000000000
0.823000000000000  0.621644485278117  0.000001000000000
0.824000000000000  0.621528640287316  0.000001000000000
0.825000000000000  0.621412906326297  0.000001000000000
0.826000000000000  0.621297283238749  0.000001000000000
0.827000000000000  0.621181770868661  0.000001000000000
0.828000000000000  0.621066369060325  0.000001000000000
0.829000000000000  0.620951077658335  0.000001000000000
0.830000000000000  0.620835896507583  0.000001000000000
0.831000000000000  0.620720825453263  0.000001000000000
0.832000000000000  0.620605864340864  0.000001000000000
0.833000000000000  0.620491013016178  0.000001000000000
0.834000000000000  0.620376271325290  0.000001000000000
0.835000000000000  0.620261639114582  0.000001000000000
0.836000000000000  0.620147116230735  0.000001000000000
0.837000000000000  0.620032702520722  0.000001000000000
0.838000000000000  0.619918397831810  0.000001000000000
0.839000000000000  0.619804202011561  0.000001000000000
0.840000000000000  0.619690114907830  0.000001000000000
0.841000000000000  0.619576136368764  0.000001000000000
0.842000000000000  0.619462266242800  0.000001000000000
0.843000000000000  0.619348504378668  0.000001000000000
0.844000000000000  0.619234850625386  0.000001000000000
0.845000000000000  0.619121304832262  0.000001000000000
0.846000000000000  0.619007866848893  0.000001000000000
0.847000000000000  0.618894536525163  0.000001000000000
0.848000000000000  0.618781313711244  0.000001000000000
0.849000000000000  0.618668198257594  0.000001000000000
0.850000000000000  0.618555190014957  0.000001000000000
0.851000000000000  0.618442288834362  0.000001000000000
0.852000000000000  0.618329494567121  0.000001000000000
0.853000000000000  0.618216807064833  0.000001000000000
0.854000000000000  0.618104226179376  0.000001000000000
0.855000000000000  0.617991751762914  0.000001000000000
0.856000000000000  0.617879383667889  0.000001000000000
0.857000000000000  0.617767121747027  0.000001000000000
0.858000000000000  0.617654965853331  0.000001000000000
0.859000000000000  0.617542915840088  0.000001000000000
0.860000000000000  0.617430971560859  0.000001000000000
0.861000000000000  0.617319132869487  0.000001000000000
0.862000000000000  0.617207399620091  0.000001000000000
0.863000000000000  0.617095771667065  0.000001000000000
0.864000000000000  0.616984248865082  0.000001000000000
0.865000000000000  0.616872831069090  0.000001000000000
0.866000000000000  0.616761518134311  0.000001000000000
0.867000000000000  0.616650309916240  0.000001000000000
0.868000000000000  0.616539206270649  0.000001000000000
0.869000000000000  0.616428207053579  0.000001000000000
0.870000000000000  0.616317312121346  0.000001000000000
0.871000000000000  0.616206521330536  0.000001000000000
0.872000000000000  0.616095834538005  0.000001000000000
0.873000000000000  0.615985251600882  0.000001000000000
0.874000000000000  0.615874772376563  0.000001000000000
0.875000000000000  0.615764396722715  0.000001000000000
0.876000000000000  0.615654124497270  0.000001000000000
0.877000000000000  0.615543955558431  0.000001000000000
0.878000000000000  0.615433889764667  0.000001000000000
0.879000000000000  0.615323926974712  0.000001000000000
0.880000000000000  0.615214067047566  0.000001000000000
0.881000000000000  0.615104309842496  0.000001000000000
0.882000000000000  0.614994655219032  0.000001000000000
0.883000000000000  0.614885103036966  0.000001000000000
0.884000000000000  0.614775653156356  0.000001000000000
0.885000000000000  0.614666305437521  0.000001000000000
0.886000000000000  0.614557059741042  0.000001000000000
0.887000000000000  0.614447915927762  0.000001000000000
0.888000000000000  0.614338873858783  0.000001000000000
0.889000000000000  0.614229933395469  0.000001000000000
0.890000000000000  0.614121094399441  0.000001000000000
0.891000000000000  0.614012356732581  0.000001000000000
0.892000000000000  0.613903720257029  0.000001000000000
0.893000000000000  0.613795184835179  0.000001000000000
0.894000000000000  0.613686750329687  0.000001000000000
0.895000000000000  0.613578416603461  0.000001000000000
0.896000000000000  0.613470183519667  0.000001000000000
0.897000000000000  0.613362050941726  0.000001000000000
0.898000000000000  0.613254018733312  0.000001000000000
0.899000000000000  0.613146086758354  0.000001000000000
0.900000000000000  0.613038254881035  0.000001000000000
0.901000000000000  0.612930522965787  0.000001000000000
0.902000000000000  0.612822890877299  0.000001000000000
0.903000000000000  0.612715358480508  0.000001000000000
0.904000000000000  0.612607925640603  0.000001000000000
0.905000000000000  0.612500592223022  0.000001000000000
0.906000000000000  0.612393358093455  0.000001000000000
0.907000000000000  0.612286223117838  0.000001000000000
0.908000000000000  0.612179187162359  0.000001000000000
0.909000000000000  0.612072250093451  0.000001000000000
0.910000000000000  0.611965411777795  0.000001000000000
0.911000000000000  0.611858672082319  0.000001000000000
0.912000000000000  0.611752030874198  0.000001000000000
0.913000000000000  0.611645488020850  0.000001000000000
0.914000000000000  0.611539043389940  0.000001000000000
0.915000000000000  0.611432696849377  0.000001000000000
0.916000000000000  0.611326448267314  0.000001000000000
0.917000000000000  0.611220297512145  0.000001000000000
0.918000000000000  0.611114244452511  0.000001000000000
0.919000000000000  0.611008288957290  0.000001000000000
0.920000000000000  0.610902430895605  0.000001000000000
0.921000000000000  0.610796670136818  0.000001000000000
0.922000000000000  0.610691006550534  0.000001000000000
0.923000000000000  0.610585440006595  0.000001000000000
0.924000000000000  0.610479970375082  0.000001000000000
0.925000000000000  0.610374597526318  0.000001000000000
0.926000000000000  0.610269321330860  0.000001000000000
0.927000000000000  0.610164141659505  0.000001000000000
0.928000000000000  0.610059058383287  0.000001000000000
0.929000000000000  0.609954071373475  0.000001000000000
0.930000000000000  0.609849180501575  0.000001000000000
0.931000000000000  0.609744385639328  0.000001000000000
0.932000000000000  0.609639686658711  0.000001000000000
0.933000000000000  0.609535083431932  0.000001000000000
0.934000000000000  0.609430575831435  0.000001000000000
0.935000000000000  0.609326163729897  0.000001000000000
0.936000000000000  0.609221847000228  0.000001000000000
0.937000000000000  0.609117625515568  0.000001000000000
0.938000000000000  0.609013499149291  0.000001000000000
0.939000000000000  0.608909467775001  0.000001000000000
0.940000000000000  0.608805531266530  0.000001000000000
0.941000000000000  0.608701689497944  0.000001000000000
0.942000000000000  0.608597942343536  0.000001000000000
0.943000000000000  0.608494289677827  0.000001000000000
0.944000000000000  0.608390731375569  0.000001000000000
0.945000000000000  0.608287267311739  0.000001000000000
0.946000000000000  0.608183897361543  0.000001000000000
0.947000000000000  0.608080621400412  0.000001000000000
0.948000000000000  0.607977439304005  0.000001000000000
0.949000000000000  0.607874350948205  0.000001000000000
0.950000000000000  0.607771356209121  0.000001000000000
0.951000000000000  0.607668454963088  0.000001000000000
0.952000000000000  0.607565647086661  0.000001000000000
0.953000000000000  0.607462932456622  0.000001000000000
0.954000000000000  0.607360310949975  0.000001000000000
0.955000000000000  0.607257782443947  0.000001000000000
0.956000000000000  0.607155346815985  0.000001000000000
0.957000000000000  0.607053003943761  0.000001000000000
0.958000000000000  0.606950753705164  0.000001000000000
0.959000000000000  0.606848595978306  0.000001000000000
0.960000000000000  0.606746530641519  0.000001000000000
0.961000000000000  0.606644557573352  0.000001000000000
0.962000000000000  0.606542676652576  0.000001000000000
0.963000000000000  0.606440887758179  0.000001000000000
0.964000000000000  0.606339190769366  0.000001000000000
0.965000000000000  0.606237585565561  0.000001000000000
0.966000000000000  0.606136072026404  0.000001000000000
0.967000000000000  0.606034650031752  0.000001000000000
0.968000000000000  0.605933319461677  0.000001000000000
0.969000000000000  0.605832080196468  0.000001000000000
0.970000000000000  0.605730932116626  0.000001000000000
0.971000000000000  0.605629875102870  0.000001000000000
0.972000000000000  0.605528909036130  0.000001000000000
0.973000000000000  0.605428033797552  0.000001000000000
0.974000000000000  0.605327249268493  0.000001000000000
0.975000000000000  0.605226555330523  0.000001000000000
0.976000000000000  0.605125951865424  0.000001000000000
0.977000000000000  0.605025438755190  0.000001000000000
0.978000000000000  0.604925015882025  0.000001000000000
0.979000000000000  0.604824683128344  0.000001000000000
0.980000000000000  0.604724440376773  0.000001000000000
0.981000000000000  0.604624287510146  0.000001000000000
0.982000000000000  0.604524224411506  0.000001000000000
0.983000000000000  0.604424250964108  0.000001000000000
0.984000000000000  0.604324367051409  0.000001000000000
0.985000000000000  0.604224572557080  0.000001000000000
0.986000000000000  0.604124867364995  0.000001000000000
0.987000000000000  0.604025251359237  0.000001000000000
0.988000000000000  0.603925724424093  0.000001000000000
0.989000000000000  0.603826286444057  0.000001000000000
0.990000000000000  0.603726937303830  0.000001000000000
0.991000000000000  0.603627676888315  0.000001000000000
0.992000000000000  0.603528505082620  0.000001000000000
0.993000000000000  0.603429421772058  0.000001000000000
0.994000000000000  0.603330426842146  0.000001000000000
0.995000000000000  0.603231520178601  0.000001000000000
0.996000000000000  0.603132701667346  0.000001000000000
0.997000000000000  0.603033971194503  0.000001000000000
0.998000000000000  0.602935328646398  0.000001000000000
0.999000000000000  0.602836773909556  0.000001000000000
