0.000000000000000  0.569947725161910  0.000001000000000
0.001000000000000  0.569562770628683  0.000001000000000
0.002000000000000  0.569178190553096  0.000001000000000
0.003000000000000  0.568793984066130  0.000001000000000
0.004000000000000  0.568410150301416  0.000001000000000
0.005000000000000  0.568026688395234  0.000001000000000
0.006000000000000  0.567643597486497  0.000001000000000
0.007000000000000  0.567260876716740  0.000001000000000
0.008000000000000  0.566878525230115  0.000001000000000
0.009000000000000  0.566496542173375  0.000001000000000
0.010000000000000  0.566114926695865  0.000001000000000
0.011000000000000  0.565733677949516  0.000001000000000
0.012000000000000  0.565352795088829  0.000001000000000
0.013000000000000  0.564972277270868  0.000001000000000
0.014000000000000  0.564592123655250  0.000001000000000
0.015000000000000  0.564212333404132  0.000001000000000
0.016000000000000  0.563832905682207  0.000001000000000
0.017000000000000  0.563453839656687  0.000001000000000
0.018000000000000  0.563075134497299  0.000001000000000
0.019000000000000  0.562696789376270  0.000001000000000
0.020000000000000  0.562318803468323  0.000001000000000
0.021000000000000  0.561941175950662  0.000001000000000
0.022000000000000  0.561563906002964  0.000001000000000
0.023000000000000  0.561186992807372  0.000001000000000
0.024000000000000  0.560810435548481  0.000001000000000
0.025000000000000  0.560434233413332  0.000001000000000
0.026000000000000  0.560058385591400  0.000001000000000
0.027000000000000  0.559682891274586  0.000001000000000
0.028000000000000  0.559307749657208  0.000001000000000
0.029000000000000  0.558932959935989  0.000001000000000
0.030000000000000  0.558558521310051  0.000001000000000
0.031000000000000  0.558184432980903  0.000001000000000
0.032000000000000  0.557810694152435  0.000001000000000
0.033000000000000  0.557437304030905  0.000001000000000
0.034000000000000  0.557064261824930  0.000001000000000
0.035000000000000  0.556691566745483  0.000001000000000
0.036000000000000  0.556319218005874  0.000001000000000
0.037000000000000  0.555947214821751  0.000001000000000
0.038000000000000  0.555575556411083  0.000001000000000
0.039000000000000  0.555204241994155  0.000001000000000
0.040000000000000  0.554833270793561  0.000001000000000
0.041000000000000  0.554462642034190  0.000001000000000
0.042000000000000  0.554092354943220  0.000001000000000
0.043000000000000  0.553722408750110  0.000001000000000
0.044000000000000  0.553352802686590  0.000001000000000
0.045000000000000  0.552983535986651  0.000001000000000
0.046000000000000  0.552614607886541  0.000001000000000
0.047000000000000  0.552246017624751  0.000001000000000
0.048000000000000  0.551877764442009  0.000001000000000
0.049000000000000  0.551509847581272  0.000001000000000
0.050000000000000  0.551142266287716  0.000001000000000
0.051000000000000  0.550775019808727  0.000001000000000
0.052000000000000  0.550408107393898  0.000001000000000
0.053000000000000  0.550041528295011  0.000001000000000
0.054000000000000  0.549675281766038  0.000001000000000
0.055000000000000  0.549309367063127  0.000001000000000
0.056000000000000  0.548943783444597  0.000001000000000
0.057000000000000  0.548578530170926  0.000001000000000
0.058000000000000  0.548213606504747  0.000001000000000
0.059000000000000  0.547849011710838  0.000001000000000
0.060000000000000  0.547484745056113  0.000001000000000
0.061000000000000  0.547120805809614  0.000001000000000
0.062000000000000  0.546757193242506  0.000001000000000
0.063000000000000  0.546393906628065  0.000001000000000
0.064000000000000  0.546030945241672  0.000001000000000
0.065000000000000  0.545668308360806  0.000001000000000
0.066000000000000  0.545305995265033  0.000001000000000
0.067000000000000  0.544944005236002  0.000001000000000
0.068000000000000  0.544582337557434  0.000001000000000
0.069000000000000  0.544220991515117  0.000001000000000
0.070000000000000  0.543859966396895  0.000001000000000
0.071000000000000  0.543499261492663  0.000001000000000
0.072000000000000  0.543138876094358  0.000001000000000
0.073000000000000  0.542778809495952  0.000001000000000
0.074000000000000  0.542419060993445  0.000001000000000
0.075000000000000  0.542059629884854  0.000001000000000
0.076000000000000  0.541700515470212  0.000001000000000
0.077000000000000  0.541341717051552  0.000001000000000
0.078000000000000  0.540983233932907  0.000001000000000
0.079000000000000  0.540625065420300  0.000001000000000
0.080000000000000  0.540267210821734  0.000001000000000
0.081000000000000  0.539909669447188  0.000001000000000
0.082000000000000  0.539552440608610  0.000001000000000
0.083000000000000  0.539195523619905  0.000001000000000
0.084000000000000  0.538838917796933  0.000001000000000
0.085000000000000  0.538482622457501  0.000001000000000
0.086000000000000  0.538126636921351  0.000001000000000
0.087000000000000  0.537770960510160  0.000001000000000
0.088000000000000  0.537415592547527  0.000001000000000
0.089000000000000  0.537060532358969  0.000001000000000
0.090000000000000  0.536705779271912  0.000001000000000
0.091000000000000  0.536351332615687  0.000001000000000
0.092000000000000  0.535997191721519  0.000001000000000
0.093000000000000  0.535643355922524  0.000001000000000
0.094000000000000  0.535289824553697  0.000001000000000
0.095000000000000  0.534936596951913  0.000001000000000
0.096000000000000  0.534583672455909  0.000001000000000
0.097000000000000  0.534231050406290  0.000001000000000
0.098000000000000  0.533878730145511  0.000001000000000
0.099000000000000  0.533526711017876  0.000001000000000
0.100000000000000  0.533174992369532  0.000001000000000
0.101000000000000  0.532823573548457  0.000001000000000
0.102000000000000  0.532472453904459  0.000001000000000
0.103000000000000  0.532121632789167  0.000001000000000
0.104000000000000  0.531771109556023  0.000001000000000
0.105000000000000  0.531420883560277  0.000001000000000
0.106000000000000  0.531070954158982  0.000001000000000
0.107000000000000  0.530721320710983  0.000001000000000
0.108000000000000  0.530371982576915  0.000001000000000
0.109000000000000  0.530022939119194  0.000001000000000
0.110000000000000  0.529674189702009  0.000001000000000
0.111000000000000  0.529325733691322  0.000001000000000
0.112000000000000  0.528977570454853  0.000001000000000
0.113000000000000  0.528629699362081  0.000001000000000
0.114000000000000  0.528282119784233  0.000001000000000
0.115000000000000  0.527934831094279  0.000001000000000
0.116000000000000  0.527587832666926  0.000001000000000
0.117000000000000  0.527241123878613  0.000001000000000
0.118000000000000  0.526894704107502  0.000001000000000
0.119000000000000  0.526548572733475  0.000001000000000
0.120000000000000  0.526202729138122  0.000001000000000
0.121000000000000  0.525857172704744  0.000001000000000
0.122000000000000  0.525511902818337  0.000001000000000
0.123000000000000  0.525166918865595  0.000001000000000
0.124000000000000  0.524822220234896  0.000001000000000
0.125000000000000  0.524477806316301  0.000001000000000
0.126000000000000  0.524133676501548  0.000001000000000
0.127000000000000  0.523789830184040  0.000001000000000
0.128000000000000  0.523446266758849  0.000001000000000
0.129000000000000  0.523102985622700  0.000001000000000
0.130000000000000  0.522759986173973  0.000001000000000
0.131000000000000  0.522417267812691  0.000001000000000
0.132000000000000  0.522074829940519  0.000001000000000
0.133000000000000  0.521732671960754  0.000001000000000
0.134000000000000  0.521390793278324  0.000001000000000
0.135000000000000  0.521049193299777  0.000001000000000
0.136000000000000  0.520707871433279  0.000001000000000
0.137000000000000  0.520366827088606  0.000001000000000
0.138000000000000  0.520026059677139  0.000001000000000
0.139000000000000  0.519685568611860  0.000001000000000
0.140000000000000  0.519345353307343  0.000001000000000
0.141000000000000  0.519005413179752  0.000001000000000
0.142000000000000  0.518665747646833  0.000001000000000
0.143000000000000  0.518326356127908  0.000001000000000
0.144000000000000  0.517987238043872  0.000001000000000
0.145000000000000  0.517648392817184  0.000001000000000
0.146000000000000  0.517309819871865  0.000001000000000
0.147000000000000  0.516971518633490  0.000001000000000
0.148000000000000  0.516633488529184  0.000001000000000
0.149000000000000  0.516295728987615  0.000001000000000
0.150000000000000  0.515958239438990  0.000001000000000
0.151000000000000  0.515621019315050  0.000001000000000
0.152000000000000  0.515284068049063  0.000001000000000
0.153000000000000  0.514947385075818  0.000001000000000
0.154000000000000  0.514610969831623  0.000001000000000
0.155000000000000  0.514274821754297  0.000001000000000
0.156000000000000  0.513938940283166  0.000001000000000
0.157000000000000  0.513603324859056  0.000001000000000
0.158000000000000  0.513267974924290  0.000001000000000
0.159000000000000  0.512932889922680  0.000001000000000
0.160000000000000  0.512598069299526  0.000001000000000
0.161000000000000  0.512263512501607  0.000001000000000
0.162000000000000  0.511929218977176  0.000001000000000
0.163000000000000  0.511595188175959  0.000001000000000
0.164000000000000  0.511261419549144  0.000001000000000
0.165000000000000  0.510927912549380  0.000001000000000
0.166000000000000  0.510594666630771  0.000001000000000
0.167000000000000  0.510261681248871  0.000001000000000
0.168000000000000  0.509928955860678  0.000001000000000
0.169000000000000  0.509596489924630  0.000001000000000
0.170000000000000  0.509264282900599  0.000001000000000
0.171000000000000  0.508932334249888  0.000001000000000
0.172000000000000  0.508600643435224  0.000001000000000
0.173000000000000  0.508269209920753  0.000001000000000
0.174000000000000  0.507938033172039  0.000001000000000
0.175000000000000  0.507607112656054  0.000001000000000
0.176000000000000  0.507276447841173  0.000001000000000
0.177000000000000  0.506946038197177  0.000001000000000
0.178000000000000  0.506615883195237  0.000001000000000
0.179000000000000  0.506285982307919  0.000001000000000
0.180000000000000  0.505956335009172  0.000001000000000
0.181000000000000  0.505626940774328  0.000001000000000
0.182000000000000  0.505297799080096  0.000001000000000
0.183000000000000  0.504968909404554  0.000001000000000
0.184000000000000  0.504640271227151  0.000001000000000
0.185000000000000  0.504311884028696  0.000001000000000
0.186000000000000  0.503983747291355  0.000001000000000
0.187000000000000  0.503655860498650  0.000001000000000
0.188000000000000  0.503328223135450  0.000001000000000
0.189000000000000  0.503000834687967  0.000001000000000
0.190000000000000  0.502673694643753  0.000001000000000
0.191000000000000  0.502346802491696  0.000001000000000
0.192000000000000  0.502020157722013  0.000001000000000
0.193000000000000  0.501693759826248  0.000001000000000
0.194000000000000  0.501367608297263  0.000001000000000
0.195000000000000  0.501041702629241  0.000001000000000
0.196000000000000  0.500716042317675  0.000001000000000
0.197000000000000  0.500390626859365  0.000001000000000
0.198000000000000  0.500065455752417  0.000001000000000
0.199000000000000  0.499740528496233  0.000001000000000
0.200000000000000  0.499415844591513  0.000001000000000
0.201000000000000  0.499091403540243  0.000001000000000
0.202000000000000  0.498767204845698  0.000001000000000
0.203000000000000  0.498443248012435  0.000001000000000
0.204000000000000  0.498119532546285  0.000001000000000
0.205000000000000  0.497796057954355  0.000001000000000
0.206000000000000  0.497472823745018  0.000001000000000
0.207000000000000  0.497149829427914  0.000001000000000
0.208000000000000  0.496827074513942  0.000001000000000
0.209000000000000  0.496504558515255  0.000001000000000
0.210000000000000  0.496182280945261  0.000001000000000
0.211000000000000  0.495860241318613  0.000001000000000
0.212000000000000  0.495538439151208  0.000001000000000
0.213000000000000  0.495216873960181  0.000001000000000
0.214000000000000  0.494895545263905  0.000001000000000
0.215000000000000  0.494574452581981  0.000001000000000
0.216000000000000  0.494253595435237  0.000001000000000
0.217000000000000  0.493932973345725  0.000001000000000
0.218000000000000  0.493612585836714  0.000001000000000
0.219000000000000  0.493292432432688  0.000001000000000
0.220000000000000  0.492972512659343  0.000001000000000
0.221000000000000  0.492652826043578  0.000001000000000
0.222000000000000  0.492333372113498  0.000001000000000
0.223000000000000  0.492014150398404  0.000001000000000
0.224000000000000  0.491695160428792  0.000001000000000
0.225000000000000  0.491376401736349  0.000001000000000
0.226000000000000  0.491057873853948  0.000001000000000
0.227000000000000  0.490739576315644  0.000001000000000
0.228000000000000  0.490421508656672  0.000001000000000
0.229000000000000  0.490103670413440  0.000001000000000
0.230000000000000  0.489786061123529  0.000001000000000
0.231000000000000  0.489468680325685  0.000001000000000
0.232000000000000  0.489151527559818  0.000001000000000
0.233000000000000  0.488834602366998  0.000001000000000
0.234000000000000  0.488517904289448  0.000001000000000
0.235000000000000  0.488201432870546  0.000001000000000
0.236000000000000  0.487885187654816  0.000001000000000
0.237000000000000  0.487569168187926  0.000001000000000
0.238000000000000  0.487253374016685  0.000001000000000
0.239000000000000  0.486937804689037  0.000001000000000
0.240000000000000  0.486622459754061  0.000001000000000
0.241000000000000  0.486307338761965  0.000001000000000
0.242000000000000  0.485992441264081  0.000001000000000
0.243000000000000  0.485677766812862  0.000001000000000
0.244000000000000  0.485363314961883  0.000001000000000
0.245000000000000  0.485049085265829  0.000001000000000
0.246000000000000  0.484735077280499  0.000001000000000
0.247000000000000  0.484421290562797  0.000001000000000
0.248000000000000  0.484107724670731  0.000001000000000
0.249000000000000  0.483794379163411  0.000001000000000
0.250000000000000  0.483481253601040  0.000001000000000
0.251000000000000  0.483168347544916  0.000001000000000
0.252000000000000  0.482855660557426  0.000001000000000
0.253000000000000  0.482543192202042  0.000001000000000
0.254000000000000  0.482230942043319  0.000001000000000
0.255000000000000  0.481918909646890  0.000001000000000
0.256000000000000  0.481607094579463  0.000001000000000
0.257000000000000  0.481295496408818  0.000001000000000
0.258000000000000  0.480984114703804  0.000001000000000
0.259000000000000  0.480672949034333  0.000001000000000
0.260000000000000  0.480361998971379  0.000001000000000
0.261000000000000  0.480051264086975  0.000001000000000
0.262000000000000  0.479740743954207  0.000001000000000
0.263000000000000  0.479430438147213  0.000001000000000
0.264000000000000  0.479120346241177  0.000001000000000
0.265000000000000  0.478810467812330  0.000001000000000
0.266000000000000  0.478500802437941  0.000001000000000
0.267000000000000  0.478191349696319  0.000001000000000
0.268000000000000  0.477882109166805  0.000001000000000
0.269000000000000  0.477573080429772  0.000001000000000
0.270000000000000  0.477264263066622  0.000001000000000
0.271000000000000  0.476955656659779  0.000001000000000
0.272000000000000  0.476647260792688  0.000001000000000
0.273000000000000  0.476339075049814  0.000001000000000
0.274000000000000  0.476031099016634  0.000001000000000
0.275000000000000  0.475723332279638  0.000001000000000
0.276000000000000  0.475415774426323  0.000001000000000
0.277000000000000  0.475108425045191  0.000001000000000
0.278000000000000  0.474801283725746  0.000001000000000
0.279000000000000  0.474494350058489  0.000001000000000
0.280000000000000  0.474187623634917  0.000001000000000
0.281000000000000  0.473881104047520  0.000001000000000
0.282000000000000  0.473574790889776  0.000001000000000
0.283000000000000  0.473268683756149  0.000001000000000
0.284000000000000  0.472962782242083  0.000001000000000
0.285000000000000  0.472657085944006  0.000001000000000
0.286000000000000  0.472351594459320  0.000001000000000
0.287000000000000  0.472046307386398  0.000001000000000
0.288000000000000  0.471741224324588  0.000001000000000
0.289000000000000  0.471436344874201  0.000001000000000
0.290000000000000  0.471131668636513  0.000001000000000
0.291000000000000  0.470827195213763  0.000001000000000
0.292000000000000  0.470522924209146  0.000001000000000
0.293000000000000  0.470218855226811  0.000001000000000
0.294000000000000  0.469914987871861  0.000001000000000
0.295000000000000  0.469611321750348  0.000001000000000
0.296000000000000  0.469307856469268  0.000001000000000
0.297000000000000  0.469004591636560  0.000001000000000
0.298000000000000  0.468701526861106  0.000001000000000
0.299000000000000  0.468398661752720  0.000001000000000
0.300000000000000  0.468095995922155  0.000001000000000
0.301000000000000  0.467793528981093  0.000001000000000
0.302000000000000  0.467491260542142  0.000001000000000
0.303000000000000  0.467189190218840  0.000001000000000
0.304000000000000  0.466887317625642  0.000001000000000
0.305000000000000  0.466585642377928  0.000001000000000
0.306000000000000  0.466284164091990  0.000001000000000
0.307000000000000  0.465982882385036  0.000001000000000
0.308000000000000  0.465681796875185  0.000001000000000
0.309000000000000  0.465380907181463  0.000001000000000
0.310000000000000  0.465080212923802  0.000001000000000
0.311000000000000  0.464779713723036  0.000001000000000
0.312000000000000  0.464479409200898  0.000001000000000
0.313000000000000  0.464179298980019  0.000001000000000
0.314000000000000  0.463879382683924  0.000001000000000
0.315000000000000  0.463579659937027  0.000001000000000
0.316000000000000  0.463280130364634  0.000001000000000
0.317000000000000  0.462980793592932  0.000001000000000
0.318000000000000  0.462681649248996  0.000001000000000
0.319000000000000  0.462382696960778  0.000001000000000
0.320000000000000  0.462083936357107  0.000001000000000
0.321000000000000  0.461785367067690  0.000001000000000
0.322000000000000  0.461486988723102  0.000001000000000
0.323000000000000  0.461188800954791  0.000001000000000
0.324000000000000  0.460890803395068  0.000001000000000
0.325000000000000  0.460592995677111  0.000001000000000
0.326000000000000  0.460295377434958  0.000001000000000
0.327000000000000  0.459997948303506  0.000001000000000
0.328000000000000  0.459700707918507  0.000001000000000
0.329000000000000  0.459403655916568  0.000001000000000
0.330000000000000  0.459106791935145  0.000001000000000
0.331000000000000  0.458810115612543  0.000001000000000
0.332000000000000  0.458513626587914  0.000001000000000
0.333000000000000  0.458217324501249  0.000001000000000
0.334000000000000  0.457921208993383  0.000001000000000
0.335000000000000  0.457625279705987  0.000001000000000
0.336000000000000  0.457329536281568  0.000001000000000
0.337000000000000  0.457033978363465  0.000001000000000
0.338000000000000  0.456738605595846  0.000001000000000
0.339000000000000  0.456443417623710  0.000001000000000
0.340000000000000  0.456148414092878  0.000001000000000
0.341000000000000  0.455853594649993  0.000001000000000
0.342000000000000  0.455558958942521  0.000001000000000
0.343000000000000  0.455264506618742  0.000001000000000
0.344000000000000  0.454970237327754  0.000001000000000
0.345000000000000  0.454676150719465  0.000001000000000
0.346000000000000  0.454382246444596  0.000001000000000
0.347000000000000  0.454088524154671  0.000001000000000
0.348000000000000  0.453794983502024  0.000001000000000
0.349000000000000  0.453501624139789  0.000001000000000
0.350000000000000  0.453208445721900  0.000001000000000
0.351000000000000  0.452915447903089  0.000001000000000
0.352000000000000  0.452622630338885  0.000001000000000
0.353000000000000  0.452329992685609  0.000001000000000
0.354000000000000  0.452037534600371  0.000001000000000
0.355000000000000  0.451745255741072  0.000001000000000
0.356000000000000  0.451453155766396  0.000001000000000
0.357000000000000  0.451161234335812  0.000001000000000
0.358000000000000  0.450869491109570  0.000001000000000
0.359000000000000  0.450577925748698  0.000001000000000
0.360000000000000  0.450286537915001  0.000001000000000
0.361000000000000  0.449995327271059  0.000001000000000
0.362000000000000  0.449704293480220  0.000001000000000
0.363000000000000  0.449413436206605  0.000001000000000
0.364000000000000  0.449122755115102  0.000001000000000
0.365000000000000  0.448832249871360  0.000001000000000
0.366000000000000  0.448541920141795  0.000001000000000
0.367000000000000  0.448251765593581  0.000001000000000
0.368000000000000  0.447961785894649  0.000001000000000
0.369000000000000  0.447671980713687  0.000001000000000
0.370000000000000  0.447382349720135  0.000001000000000
0.371000000000000  0.447092892584187  0.000001000000000
0.372000000000000  0.446803608976783  0.000001000000000
0.373000000000000  0.446514498569610  0.000001000000000
0.374000000000000  0.446225561035099  0.000001000000000
0.375000000000000  0.445936796046426  0.000001000000000
0.376000000000000  0.445648203277503  0.000001000000000
0.377000000000000  0.445359782402983  0.000001000000000
0.378000000000000  0.445071533098252  0.000001000000000
0.379000000000000  0.444783455039432  0.000001000000000
0.380000000000000  0.444495547903372  0.000001000000000
0.381000000000000  0.444207811367655  0.000001000000000
0.382000000000000  0.443920245110587  0.000001000000000
0.383000000000000  0.443632848811201  0.000001000000000
0.384000000000000  0.443345622149251  0.000001000000000
0.385000000000000  0.443058564805213  0.000001000000000
0.386000000000000  0.442771676460278  0.000001000000000
0.387000000000000  0.442484956796358  0.000001000000000
0.388000000000000  0.442198405496074  0.000001000000000
0.389000000000000  0.441912022242762  0.000001000000000
0.390000000000000  0.441625806720468  0.000001000000000
0.391000000000000  0.441339758613943  0.000001000000000
0.392000000000000  0.441053877608646  0.000001000000000
0.393000000000000  0.440768163390739  0.000001000000000
0.394000000000000  0.440482615647084  0.000001000000000
0.395000000000000  0.440197234065246  0.000001000000000
0.396000000000000  0.439912018333482  0.000001000000000
0.397000000000000  0.439626968140749  0.000001000000000
0.398000000000000  0.439342083176695  0.000001000000000
0.399000000000000  0.439057363131659  0.000001000000000
0.400000000000000  0.438772807696671  0.000001000000000
0.401000000000000  0.438488416563446  0.000001000000000
0.402000000000000  0.438204189424385  0.000001000000000
0.403000000000000  0.437920125972572  0.000001000000000
0.404000000000000  0.437636225901772  0.000001000000000
0.405000000000000  0.437352488906430  0.000001000000000
0.406000000000000  0.437068914681668  0.000001000000000
0.407000000000000  0.436785502923281  0.000001000000000
0.408000000000000  0.436502253327741  0.000001000000000
0.409000000000000  0.436219165592187  0.000001000000000
0.410000000000000  0.435936239414431  0.000001000000000
0.411000000000000  0.435653474492950  0.000001000000000
0.412000000000000  0.435370870526887  0.000001000000000
0.413000000000000  0.435088427216048  0.000001000000000
0.414000000000000  0.434806144260903  0.000001000000000
0.415000000000000  0.434524021362578  0.000001000000000
0.416000000000000  0.434242058222859  0.000001000000000
0.417000000000000  0.433960254544187  0.000001000000000
0.418000000000000  0.433678610029656  0.000001000000000
0.419000000000000  0.433397124383015  0.000001000000000
0.420000000000000  0.433115797308660  0.000001000000000
0.421000000000000  0.432834628511635  0.000001000000000
0.422000000000000  0.432553617697634  0.000001000000000
0.423000000000000  0.432272764572991  0.000001000000000
0.424000000000000  0.431992068844686  0.000001000000000
0.425000000000000  0.431711530220338  0.000001000000000
0.426000000000000  0.431431148408205  0.000001000000000
0.427000000000000  0.431150923117183  0.000001000000000
0.428000000000000  0.430870854056803  0.000001000000000
0.429000000000000  0.430590940937227  0.000001000000000
0.430000000000000  0.430311183469253  0.000001000000000
0.431000000000000  0.430031581364305  0.000001000000000
0.432000000000000  0.429752134334436  0.000001000000000
0.433000000000000  0.429472842092327  0.000001000000000
0.434000000000000  0.429193704351280  0.000001000000000
0.435000000000000  0.428914720825223  0.000001000000000
0.436000000000000  0.428635891228702  0.000001000000000
0.437000000000000  0.428357215276884  0.000001000000000
0.438000000000000  0.428078692685551  0.000001000000000
0.439000000000000  0.427800323171103  0.000001000000000
0.440000000000000  0.427522106450553  0.000001000000000
0.441000000000000  0.427244042241524  0.000001000000000
0.442000000000000  0.426966130262252  0.000001000000000
0.443000000000000  0.426688370231580  0.000001000000000
0.444000000000000  0.426410761868958  0.000001000000000
0.445000000000000  0.426133304894440  0.000001000000000
0.446000000000000  0.425855999028685  0.000001000000000
0.447000000000000  0.425578843992952  0.000001000000000
0.448000000000000  0.425301839509102  0.000001000000000
0.449000000000000  0.425024985299592  0.000001000000000
0.450000000000000  0.424748281087475  0.000001000000000
0.451000000000000  0.424471726596403  0.000001000000000
0.452000000000000  0.424195321550615  0.000001000000000
0.453000000000000  0.423919065674947  0.000001000000000
0.454000000000000  0.423642958694820  0.000001000000000
0.455000000000000  0.423367000336247  0.000001000000000
0.456000000000000  0.423091190325824  0.000001000000000
0.457000000000000  0.422815528390735  0.000001000000000
0.458000000000000  0.422540014258745  0.000001000000000
0.459000000000000  0.422264647658200  0.000001000000000
0.460000000000000  0.421989428318028  0.000001000000000
0.461000000000000  0.421714355967733  0.000001000000000
0.462000000000000  0.421439430337396  0.000001000000000
0.463000000000000  0.421164651157675  0.000001000000000
0.464000000000000  0.420890018159798  0.000001000000000
0.465000000000000  0.420615531075567  0.000001000000000
0.466000000000000  0.420341189637353  0.000001000000000
0.467000000000000  0.420066993578095  0.000001000000000
0.468000000000000  0.419792942631302  0.000001000000000
0.469000000000000  0.419519036531044  0.000001000000000
0.470000000000000  0.419245275011958  0.000001000000000
0.471000000000000  0.418971657809241  0.000001000000000
0.472000000000000  0.418698184658651  0.000001000000000
0.473000000000000  0.418424855296507  0.000001000000000
0.474000000000000  0.418151669459682  0.000001000000000
0.475000000000000  0.417878626885608  0.000001000000000
0.476000000000000  0.417605727312270  0.000001000000000
0.477000000000000  0.417332970478204  0.000001000000000
0.478000000000000  0.417060356122501  0.000001000000000
0.479000000000000  0.416787883984799  0.000001000000000
0.480000000000000  0.416515553805285  0.000001000000000
0.481000000000000  0.416243365324692  0.000001000000000
0.482000000000000  0.415971318284299  0.000001000000000
0.483000000000000  0.415699412425928  0.000001000000000
0.484000000000000  0.415427647491943  0.000001000000000
0.485000000000000  0.415156023225250  0.000001000000000
0.486000000000000  0.414884539369292  0.000001000000000
0.487000000000000  0.414613195668051  0.000001000000000
0.488000000000000  0.414341991866045  0.000001000000000
0.489000000000000  0.414070927708325  0.000001000000000
0.490000000000000  0.413800002940479  0.000001000000000
0.491000000000000  0.413529217308621  0.000001000000000
0.492000000000000  0.413258570559401  0.000001000000000
0.493000000000000  0.412988062439994  0.000001000000000
0.494000000000000  0.412717692698103  0.000001000000000
0.495000000000000  0.412447461081957  0.000001000000000
0.496000000000000  0.412177367340311  0.000001000000000
0.497000000000000  0.411907411222441  0.000001000000000
0.498000000000000  0.411637592478144  0.000001000000000
0.499000000000000  0.411367910857739  0.000001000000000
0.500000000000000  0.411098366112062  0.000001000000000
0.501000000000000  0.410828957992468  0.000001000000000
0.502000000000000  0.410559686250826  0.000001000000000
0.503000000000000  0.410290550639520  0.000001000000000
0.504000000000000  0.410021550911447  0.000001000000000
0.505000000000000  0.409752686820016  0.000001000000000
0.506000000000000  0.409483958119146  0.000001000000000
0.507000000000000  0.409215364563263  0.000001000000000
0.508000000000000  0.408946905907304  0.000001000000000
0.509000000000000  0.408678581906708  0.000001000000000
0.510000000000000  0.408410392317421  0.000001000000000
0.511000000000000  0.408142336895892  0.000001000000000
0.512000000000000  0.407874415399072  0.000001000000000
0.513000000000000  0.407606627584411  0.000001000000000
0.514000000000000  0.407338973209860  0.000001000000000
0.515000000000000  0.407071452033867  0.000001000000000
0.516000000000000  0.406804063815375  0.000001000000000
0.517000000000000  0.406536808313825  0.000001000000000
0.518000000000000  0.406269685289149  0.000001000000000
0.519000000000000  0.406002694501773  0.000001000000000
0.520000000000000  0.405735835712613  0.000001000000000
0.521000000000000  0.405469108683076  0.000001000000000
0.522000000000000  0.405202513175056  0.000001000000000
0.523000000000000  0.404936048950935  0.000001000000000
0.524000000000000  0.404669715773580  0.000001000000000
0.525000000000000  0.404403513406343  0.000001000000000
0.526000000000000  0.404137441613059  0.000001000000000
0.527000000000000  0.403871500158045  0.000001000000000
0.528000000000000  0.403605688806098  0.000001000000000
0.529000000000000  0.403340007322495  0.000001000000000
0.530000000000000  0.403074455472989  0.000001000000000
0.531000000000000  0.402809033023812  0.000001000000000
0.532000000000000  0.402543739741671  0.000001000000000
0.533000000000000  0.402278575393745  0.000001000000000
0.534000000000000  0.402013539747688  0.000001000000000
0.535000000000000  0.401748632571625  0.000001000000000
0.536000000000000  0.401483853634151  0.000001000000000
0.537000000000000  0.401219202704330  0.000001000000000
0.538000000000000  0.400954679551693  0.000001000000000
0.539000000000000  0.400690283946239  0.000001000000000
0.540000000000000  0.400426015658431  0.000001000000000
0.541000000000000  0.400161874459197  0.000001000000000
0.542000000000000  0.399897860119928  0.000001000000000
0.543000000000000  0.399633972412474  0.000001000000000
0.544000000000000  0.399370211109147  0.000001000000000
0.545000000000000  0.399106575982720  0.000001000000000
0.546000000000000  0.398843066806421  0.000001000000000
0.547000000000000  0.398579683353934  0.000001000000000
0.548000000000000  0.398316425399402  0.000001000000000
0.549000000000000  0.398053292717419  0.000001000000000
0.550000000000000  0.397790285083033  0.000001000000000
0.551000000000000  0.397527402271744  0.000001000000000
0.552000000000000  0.397264644059503  0.000001000000000
0.553000000000000  0.397002010222708  0.000001000000000
0.554000000000000  0.396739500538209  0.000001000000000
0.555000000000000  0.396477114783299  0.000001000000000
0.556000000000000  0.396214852735719  0.000001000000000
0.557000000000000  0.395952714173655  0.000001000000000
0.558000000000000  0.395690698875735  0.000001000000000
0.559000000000000  0.395428806621030  0.000001000000000
0.560000000000000  0.395167037189052  0.000001000000000
0.561000000000000  0.394905390359754  0.000001000000000
0.562000000000000  0.394643865913525  0.000001000000000
0.563000000000000  0.394382463631194  0.000001000000000
0.564000000000000  0.394121183294026  0.000001000000000
0.565000000000000  0.393860024683721  0.000001000000000
0.566000000000000  0.393598987582413  0.000001000000000
0.567000000000000  0.393338071772669  0.000001000000000
0.568000000000000  0.393077277037489  0.000001000000000
0.569000000000000  0.392816603160302  0.000001000000000
0.570000000000000  0.392556049924967  0.000001000000000
0.571000000000000  0.392295617115772  0.000001000000000
0.572000000000000  0.392035304517434  0.000001000000000
0.573000000000000  0.391775111915092  0.000001000000000
0.574000000000000  0.391515039094314  0.000001000000000
0.575000000000000  0.391255085841090  0.000001000000000
0.576000000000000  0.390995251941833  0.000001000000000
0.577000000000000  0.390735537183379  0.000001000000000
0.578000000000000  0.390475941352984  0.000001000000000
0.579000000000000  0.390216464238323  0.000001000000000
0.580000000000000  0.389957105627489  0.000001000000000
0.581000000000000  0.389697865308995  0.000001000000000
0.582000000000000  0.389438743071768  0.000001000000000
0.583000000000000  0.389179738705150  0.000001000000000
0.584000000000000  0.388920851998898  0.000001000000000
0.585000000000000  0.388662082743183  0.000001000000000
0.586000000000000  0.388403430728586  0.000001000000000
0.587000000000000  0.388144895746100  0.000001000000000
0.588000000000000  0.387886477587129  0.000001000000000
0.589000000000000  0.387628176043482  0.000001000000000
0.590000000000000  0.387369990907380  0.000001000000000
0.591000000000000  0.387111921971448  0.000001000000000
0.592000000000000  0.386853969028718  0.000001000000000
0.593000000000000  0.386596131872626  0.000001000000000
0.594000000000000  0.386338410297010  0.000001000000000
0.595000000000000  0.386080804096114  0.000001000000000
0.596000000000000  0.385823313064579  0.000001000000000
0.597000000000000  0.385565936997451  0.000001000000000
0.598000000000000  0.385308675690171  0.000001000000000
0.599000000000000  0.385051528938582  0.000001000000000
0.600000000000000  0.384794496538921  0.000001000000000
0.601000000000000  0.384537578287825  0.000001000000000
0.602000000000000  0.384280773982322  0.000001000000000
0.603000000000000  0.384024083419837  0.000001000000000
0.604000000000000  0.383767506398188  0.000001000000000
0.605000000000000  0.383511042715585  0.000001000000000
0.606000000000000  0.383254692170628  0.000001000000000
0.607000000000000  0.382998454562308  0.000001000000000
0.608000000000000  0.382742329690006  0.000001000000000
0.609000000000000  0.382486317353490  0.000001000000000
0.610000000000000  0.382230417352916  0.000001000000000
0.611000000000000  0.381974629488826  0.000001000000000
0.612000000000000  0.381718953562146  0.000001000000000
0.613000000000000  0.381463389374188  0.000001000000000
0.614000000000000  0.381207936726647  0.000001000000000
0.615000000000000  0.380952595421599  0.000001000000000
0.616000000000000  0.380697365261503  0.000001000000000
0.617000000000000  0.380442246049195  0.000001000000000
0.618000000000000  0.380187237587896  0.000001000000000
0.619000000000000  0.379932339681199  0.000001000000000
0.620000000000000  0.379677552133079  0.000001000000000
0.621000000000000  0.379422874747886  0.000001000000000
0.622000000000000  0.379168307330346  0.000001000000000
0.623000000000000  0.378913849685557  0.000001000000000
0.624000000000000  0.378659501618993  0.000001000000000
0.625000000000000  0.378405262936502  0.000001000000000
0.626000000000000  0.378151133444300  0.000001000000000
0.627000000000000  0.377897112948976  0.000001000000000
0.628000000000000  0.377643201257488  0.000001000000000
0.629000000000000  0.377389398177164  0.000001000000000
0.630000000000000  0.377135703515699  0.000001000000000
0.631000000000000  0.376882117081155  0.000001000000000
0.632000000000000  0.376628638681961  0.000001000000000
0.633000000000000  0.376375268126909  0.000001000000000
0.634000000000000  0.376122005225157  0.000001000000000
0.635000000000000  0.375868849786227  0.000001000000000
0.636000000000000  0.375615801620002  0.000001000000000
0.637000000000000  0.375362860536726  0.000001000000000
0.638000000000000  0.375110026347004  0.000001000000000
0.639000000000000  0.374857298861803  0.000001000000000
0.640000000000000  0.374604677892445  0.000001000000000
0.641000000000000  0.374352163250612  0.000001000000000
0.642000000000000  0.374099754748344  0.000001000000000
0.643000000000000  0.373847452198033  0.000001000000000
0.644000000000000  0.373595255412431  0.000001000000000
0.645000000000000  0.373343164204642  0.000001000000000
0.646000000000000  0.373091178388122  0.000001000000000
0.647000000000000  0.372839297776682  0.000001000000000
0.648000000000000  0.372587522184484  0.000001000000000
0.649000000000000  0.372335851426039  0.000001000000000
0.650000000000000  0.372084285316210  0.000001000000000
0.651000000000000  0.371832823670208  0.000001000000000
0.652000000000000  0.371581466303593  0.000001000000000
0.653000000000000  0.371330213032270  0.000001000000000
0.654000000000000  0.371079063672493  0.000001000000000
0.655000000000000  0.370828018040860  0.000001000000000
0.656000000000000  0.370577075954314  0.000001000000000
0.657000000000000  0.370326237230143  0.000001000000000
0.658000000000000  0.370075501685975  0.000001000000000
0.659000000000000  0.369824869139783  0.000001000000000
0.660000000000000  0.369574339409879  0.000001000000000
0.661000000000000  0.369323912314919  0.000001000000000
0.662000000000000  0.369073587673893  0.000001000000000
0.663000000000000  0.368823365306135  0.000001000000000
0.664000000000000  0.368573245031313  0.000001000000000
0.665000000000000  0.368323226669435  0.000001000000000
0.666000000000000  0.368073310040843  0.000001000000000
0.667000000000000  0.367823494966216  0.000001000000000
0.668000000000000  0.367573781266565  0.000001000000000
0.669000000000000  0.367324168763239  0.000001000000000
0.670000000000000  0.367074657277915  0.000001000000000
0.671000000000000  0.366825246632606  0.000001000000000
0.672000000000000  0.366575936649653  0.000001000000000
0.673000000000000  0.366326727151731  0.000001000000000
0.674000000000000  0.366077617961841  0.000001000000000
0.675000000000000  0.365828608903315  0.000001000000000
0.676000000000000  0.365579699799812  0.000001000000000
0.677000000000000  0.365330890475320  0.000001000000000
0.678000000000000  0.365082180754151  0.000001000000000
0.679000000000000  0.364833570460943  0.000001000000000
0.680000000000000  0.364585059420660  0.000001000000000
0.681000000000000  0.364336647458589  0.000001000000000
0.682000000000000  0.364088334400342  0.000001000000000
0.683000000000000  0.363840120071849  0.000001000000000
0.684000000000000  0.363592004299367  0.000001000000000
0.685000000000000  0.363343986909471  0.000001000000000
0.686000000000000  0.363096067729055  0.000001000000000
0.687000000000000  0.362848246585335  0.000001000000000
0.688000000000000  0.362600523305843  0.000001000000000
0.689000000000000  0.362352897718430  0.000001000000000
0.690000000000000  0.362105369651265  0.000001000000000
0.691000000000000  0.361857938932830  0.000001000000000
0.692000000000000  0.361610605391925  0.000001000000000
0.693000000000000  0.361363368857664  0.000001000000000
0.694000000000000  0.361116229159474  0.000001000000000
0.695000000000000  0.360869186127097  0.000001000000000
0.696000000000000  0.360622239590585  0.000001000000000
0.697000000000000  0.360375389380303  0.000001000000000
0.698000000000000  0.360128635326926  0.000001000000000
0.699000000000000  0.359881977261440  0.000001000000000
0.700000000000000  0.359635415015140  0.000001000000000
0.701000000000000  0.359388948419629  0.000001000000000
0.702000000000000  0.359142577306817  0.000001000000000
0.703000000000000  0.358896301508924  0.000001000000000
0.704000000000000  0.358650120858474  0.000001000000000
0.705000000000000  0.358404035188296  0.000001000000000
0.706000000000000  0.358158044331527  0.000001000000000
0.707000000000000  0.357912148121604  0.000001000000000
0.708000000000000  0.357666346392270  0.000001000000000
0.709000000000000  0.357420638977571  0.000001000000000
0.710000000000000  0.357175025711852  0.000001000000000
0.711000000000000  0.356929506429763  0.000001000000000
0.712000000000000  0.356684080966252  0.000001000000000
0.713000000000000  0.356438749156566  0.000001000000000
0.714000000000000  0.356193510836254  0.000001000000000
0.715000000000000  0.355948365841162  0.000001000000000
0.716000000000000  0.355703314007431  0.000001000000000
0.717000000000000  0.355458355171503  0.000001000000000
0.718000000000000  0.355213489170113  0.000001000000000
0.719000000000000  0.354968715840293  0.000001000000000
0.720000000000000  0.354724035019370  0.000001000000000
0.721000000000000  0.354479446544964  0.000001000000000
0.722000000000000  0.354234950254989  0.000001000000000
0.723000000000000  0.353990545987651  0.000001000000000
0.724000000000000  0.353746233581448  0.000001000000000
0.725000000000000  0.353502012875170  0.000001000000000
0.726000000000000  0.353257883707897  0.000001000000000
0.727000000000000  0.353013845918999  0.000001000000000
0.728000000000000  0.352769899348136  0.000001000000000
0.729000000000000  0.352526043835253  0.000001000000000
0.730000000000000  0.352282279220588  0.000001000000000
0.731000000000000  0.352038605344662  0.000001000000000
0.732000000000000  0.351795022048285  0.000001000000000
0.733000000000000  0.351551529172550  0.000001000000000
0.734000000000000  0.351308126558837  0.000001000000000
0.735000000000000  0.351064814048811  0.000001000000000
0.736000000000000  0.350821591484419  0.000001000000000
0.737000000000000  0.350578458707892  0.000001000000000
0.738000000000000  0.350335415561742  0.000001000000000
0.739000000000000  0.350092461888766  0.000001000000000
0.740000000000000  0.349849597532038  0.000001000000000
0.741000000000000  0.349606822334915  0.000001000000000
0.742000000000000  0.349364136141032  0.000001000000000
0.743000000000000  0.349121538794305  0.000001000000000
0.744000000000000  0.348879030138927  0.000001000000000
0.745000000000000  0.348636610019370  0.000001000000000
0.746000000000000  0.348394278280380  0.000001000000000
0.747000000000000  0.348152034766982  0.000001000000000
0.748000000000000  0.347909879324478  0.000001000000000
0.749000000000000  0.347667811798442  0.000001000000000
0.750000000000000  0.347425832034725  0.000001000000000
0.751000000000000  0.347183939879450  0.000001000000000
0.752000000000000  0.346942135179013  0.000001000000000
0.753000000000000  0.346700417780085  0.000001000000000
0.754000000000000  0.346458787529607  0.000001000000000
0.755000000000000  0.346217244274792  0.000001000000000
0.756000000000000  0.345975787863122  0.000001000000000
0.757000000000000  0.345734418142352  0.000001000000000
0.758000000000000  0.345493134960504  0.000001000000000
0.759000000000000  0.345251938165868  0.000001000000000
0.760000000000000  0.345010827607006  0.000001000000000
0.761000000000000  0.344769803132744  0.000001000000000
0.762000000000000  0.344528864592175  0.000001000000000
0.763000000000000  0.344288011834661  0.000001000000000
0.764000000000000  0.344047244709826  0.000001000000000
0.765000000000000  0.343806563067561  0.000001000000000
0.766000000000000  0.343565966758022  0.000001000000000
0.767000000000000  0.343325455631628  0.000001000000000
0.768000000000000  0.343085029539061  0.000001000000000
0.769000000000000  0.342844688331265  0.000001000000000
0.770000000000000  0.342604431859447  0.000001000000000
0.771000000000000  0.342364259975075  0.000001000000000
0.772000000000000  0.342124172529877  0.000001000000000
0.773000000000000  0.341884169375843  0.000001000000000
0.774000000000000  0.341644250365220  0.000001000000000
0.775000000000000  0.341404415350517  0.000001000000000
0.776000000000000  0.341164664184498  0.000001000000000
0.777000000000000  0.340924996720187  0.000001000000000
0.778000000000000  0.340685412810863  0.000001000000000
0.779000000000000  0.340445912310065  0.000001000000000
0.780000000000000  0.340206495071586  0.000001000000000
0.781000000000000  0.339967160949472  0.000001000000000
0.782000000000000  0.339727909798028  0.000001000000000
0.783000000000000  0.339488741471810  0.000001000000000
0.784000000000000  0.339249655825630  0.000001000000000
0.785000000000000  0.339010652714551  0.000001000000000
0.786000000000000  0.338771731993890  0.000001000000000
0.787000000000000  0.338532893519214  0.000001000000000
0.788000000000000  0.338294137146343  0.000001000000000
0.789000000000000  0.338055462731348  0.000001000000000
0.790000000000000  0.337816870130547  0.000001000000000
0.791000000000000  0.337578359200512  0.000001000000000
0.792000000000000  0.337339929798061  0.000001000000000
0.793000000000000  0.337101581780260  0.000001000000000
0.794000000000000  0.336863315004426  0.000001000000000
0.795000000000000  0.336625129328120  0.000001000000000
0.796000000000000  0.336387024609152  0.000001000000000
0.797000000000000  0.336149000705576  0.000001000000000
0.798000000000000  0.335911057475694  0.000001000000000
0.799000000000000  0.335673194778050  0.000001000000000
0.800000000000000  0.335435412471436  0.000001000000000
0.801000000000000  0.335197710414886  0.000001000000000
0.802000000000000  0.334960088467676  0.000001000000000
0.803000000000000  0.334722546489328  0.000001000000000
0.804000000000000  0.334485084339604  0.000001000000000
0.805000000000000  0.334247701878508  0.000001000000000
0.806000000000000  0.334010398966287  0.000001000000000
0.807000000000000  0.333773175463425  0.000001000000000
0.808000000000000  0.333536031230649  0.000001000000000
0.809000000000000  0.333298966128925  0.000001000000000
0.810000000000000  0.333061980019457  0.000001000000000
0.811000000000000  0.332825072763689  0.000001000000000
0.812000000000000  0.332588244223301  0.000001000000000
0.813000000000000  0.332351494260212  0.000001000000000
0.814000000000000  0.332114822736577  0.000001000000000
0.815000000000000  0.331878229514788  0.000001000000000
0.816000000000000  0.331641714457471  0.000001000000000
0.817000000000000  0.331405277427490  0.000001000000000
0.818000000000000  0.331168918287941  0.000001000000000
0.819000000000000  0.330932636902157  0.000001000000000
0.820000000000000  0.330696433133701  0.000001000000000
0.821000000000000  0.330460306846372  0.000001000000000
0.822000000000000  0.330224257904201  0.000001000000000
0.823000000000000  0.329988286171450  0.000001000000000
0.824000000000000  0.329752391512615  0.000001000000000
0.825000000000000  0.329516573792419  0.000001000000000
0.826000000000000  0.329280832875820  0.000001000000000
0.827000000000000  0.329045168628004  0.000001000000000
0.828000000000000  0.328809580914385  0.000001000000000
0.829000000000000  0.328574069600608  0.000001000000000
0.830000000000000  0.328338634552546  0.000001000000000
0.831000000000000  0.328103275636300  0.000001000000000
0.832000000000000  0.327867992718198  0.000001000000000
0.833000000000000  0.327632785664795  0.000001000000000
0.834000000000000  0.327397654342873  0.000001000000000
0.835000000000000  0.327162598619439  0.000001000000000
0.836000000000000  0.326927618361727  0.000001000000000
0.837000000000000  0.326692713437195  0.000001000000000
0.838000000000000  0.326457883713524  0.000001000000000
0.839000000000000  0.326223129058622  0.000001000000000
0.840000000000000  0.325988449340617  0.000001000000000
0.841000000000000  0.325753844427863  0.000001000000000
0.842000000000000  0.325519314188934  0.000001000000000
0.843000000000000  0.325284858492628  0.000001000000000
0.844000000000000  0.325050477207963  0.000001000000000
0.845000000000000  0.324816170204178  0.000001000000000
0.846000000000000  0.324581937350735  0.000001000000000
0.847000000000000  0.324347778517311  0.000001000000000
0.848000000000000  0.324113693573808  0.000001000000000
0.849000000000000  0.323879682390343  0.000001000000000
0.850000000000000  0.323645744837253  0.000001000000000
0.851000000000000  0.323411880785094  0.000001000000000
0.852000000000000  0.323178090104638  0.000001000000000
0.853000000000000  0.322944372666874  0.000001000000000
0.854000000000000  0.322710728343010  0.000001000000000
0.855000000000000  0.322477157004467  0.000001000000000
0.856000000000000  0.322243658522885  0.000001000000000
0.857000000000000  0.322010232770115  0.000001000000000
0.858000000000000  0.321776879618227  0.000001000000000
0.859000000000000  0.321543598939502  0.000001000000000
0.860000000000000  0.321310390606438  0.000001000000000
0.861000000000000  0.321077254491742  0.000001000000000
0.862000000000000  0.320844190468337  0.000001000000000
0.863000000000000  0.320611198409359  0.000001000000000
0.864000000000000  0.320378278188154  0.000001000000000
0.865000000000000  0.320145429678279  0.000001000000000
0.866000000000000  0.319912652753504  0.000001000000000
0.867000000000000  0.319679947287808  0.000001000000000
0.868000000000000  0.319447313155381  0.000001000000000
0.869000000000000  0.319214750230622  0.000001000000000
0.870000000000000  0.318982258388140  0.000001000000000
0.871000000000000  0.318749837502752  0.000001000000000
0.872000000000000  0.318517487449483  0.000001000000000
0.873000000000000  0.318285208103566  0.000001000000000
0.874000000000000  0.318052999340442  0.000001000000000
0.875000000000000  0.317820861035758  0.000001000000000
0.876000000000000  0.317588793065368  0.000001000000000
0.877000000000000  0.317356795305332  0.000001000000000
0.878000000000000  0.317124867631916  0.000001000000000
0.879000000000000  0.316893009921589  0.000001000000000
0.880000000000000  0.316661222051028  0.000001000000000
0.881000000000000  0.316429503897111  0.000001000000000
0.882000000000000  0.316197855336922  0.000001000000000
0.883000000000000  0.315966276247748  0.000001000000000
0.884000000000000  0.315734766507077  0.000001000000000
0.885000000000000  0.315503325992602  0.000001000000000
0.886000000000000  0.315271954582217  0.000001000000000
0.887000000000000  0.315040652154017  0.000001000000000
0.888000000000000  0.314809418586299  0.000001000000000
0.889000000000000  0.314578253757561  0.000001000000000
0.890000000000000  0.314347157546500  0.000001000000000
0.891000000000000  0.314116129832014  0.000001000000000
0.892000000000000  0.313885170493200  0.000001000000000
0.893000000000000  0.313654279409354  0.000001000000000
0.894000000000000  0.313423456459970  0.000001000000000
0.895000000000000  0.313192701524742  0.000001000000000
0.896000000000000  0.312962014483561  0.000001000000000
0.897000000000000  0.312731395216513  0.000001000000000
0.898000000000000  0.312500843603885  0.000001000000000
0.899000000000000  0.312270359526156  0.000001000000000
0.900000000000000  0.312039942864005  0.000001000000000
0.901000000000000  0.311809593498304  0.000001000000000
0.902000000000000  0.311579311310121  0.000001000000000
0.903000000000000  0.311349096180720  0.000001000000000
0.904000000000000  0.311118947991558  0.000001000000000
0.905000000000000  0.310888866624286  0.000001000000000
0.906000000000000  0.310658851960749  0.000001000000000
0.907000000000000  0.310428903882985  0.000001000000000
0.908000000000000  0.310199022273225  0.000001000000000
0.909000000000000  0.309969207013892  0.000001000000000
0.910000000000000  0.309739457987601  0.000001000000000
0.911000000000000  0.309509775077159  0.000001000000000
0.912000000000000  0.309280158165562  0.000001000000000
0.913000000000000  0.309050607136001  0.000001000000000
0.914000000000000  0.308821121871852  0.000001000000000
0.915000000000000  0.308591702256685  0.000001000000000
0.916000000000000  0.308362348174259  0.000001000000000
0.917000000000000  0.308133059508519  0.000001000000000
0.918000000000000  0.307903836143602  0.000001000000000
0.919000000000000  0.307674677963832  0.000001000000000
0.920000000000000  0.307445584853722  0.000001000000000
0.921000000000000  0.307216556697970  0.000001000000000
0.922000000000000  0.306987593381465  0.000001000000000
0.923000000000000  0.306758694789278  0.000001000000000
0.924000000000000  0.306529860806669  0.000001000000000
0.925000000000000  0.306301091319086  0.000001000000000
0.926000000000000  0.306072386212158  0.000001000000000
0.927000000000000  0.305843745371702  0.000001000000000
0.928000000000000  0.305615168683720  0.000001000000000
0.929000000000000  0.305386656034397  0.000001000000000
0.930000000000000  0.305158207310102  0.000001000000000
0.931000000000000  0.304929822397390  0.000001000000000
0.932000000000000  0.304701501182995  0.000001000000000
0.933000000000000  0.304473243553839  0.000001000000000
0.934000000000000  0.304245049397021  0.000001000000000
0.935000000000000  0.304016918599827  0.000001000000000
0.936000000000000  0.303788851049722  0.000001000000000
0.937000000000000  0.303560846634353  0.000001000000000
0.938000000000000  0.303332905241547  0.000001000000000
0.939000000000000  0.303105026759313  0.000001000000000
0.940000000000000  0.302877211075840  0.000001000000000
0.941000000000000  0.302649458079496  0.000001000000000
0.942000000000000  0.302421767658829  0.000001000000000
0.943000000000000  0.302194139702566  0.000001000000000
0.944000000000000  0.301966574099613  0.000001000000000
0.945000000000000  0.301739070739054  0.000001000000000
0.946000000000000  0.301511629510151  0.000001000000000
0.947000000000000  0.301284250302344  0.000001000000000
0.948000000000000  0.301056933005249  0.000001000000000
0.949000000000000  0.300829677508661  0.000001000000000
0.950000000000000  0.300602483702548  0.000001000000000
0.951000000000000  0.300375351477059  0.000001000000000
0.952000000000000  0.300148280722515  0.000001000000000
0.953000000000000  0.299921271329414  0.000001000000000
0.954000000000000  0.299694323188428  0.000001000000000
0.955000000000000  0.299467436190405  0.000001000000000
0.956000000000000  0.299240610226367  0.000001000000000
0.957000000000000  0.299013845187509  0.000001000000000
0.958000000000000  0.298787140965200  0.000001000000000
0.959000000000000  0.298560497450983  0.000001000000000
0.960000000000000  0.298333914536575  0.000001000000000
0.961000000000000  0.298107392113861  0.000001000000000
0.962000000000000  0.297880930074904  0.000001000000000
0.963000000000000  0.297654528311935  0.000001000000000
0.964000000000000  0.297428186717357  0.000001000000000
0.965000000000000  0.297201905183746  0.000001000000000
0.966000000000000  0.296975683603847  0.000001000000000
0.967000000000000  0.296749521870576  0.000001000000000
0.968000000000000  0.296523419877019  0.000001000000000
0.969000000000000  0.296297377516433  0.000001000000000
0.970000000000000  0.296071394682242  0.000001000000000
0.971000000000000  0.295845471268040  0.000001000000000
0.972000000000000  0.295619607167592  0.000001000000000
0.973000000000000  0.295393802274828  0.000001000000000
0.974000000000000  0.295168056483848  0.000001000000000
0.975000000000000  0.294942369688919  0.000001000000000
0.976000000000000  0.294716741784476  0.000001000000000
0.977000000000000  0.294491172665120  0.000001000000000
0.978000000000000  0.294265662225620  0.000001000000000
0.979000000000000  0.294040210360911  0.000001000000000
0.980000000000000  0.293814816966093  0.000001000000000
0.981000000000000  0.293589481936432  0.000001000000000
0.982000000000000  0.293364205167360  0.000001000000000
0.983000000000000  0.293138986554475  0.000001000000000
0.984000000000000  0.292913825993536  0.000001000000000
0.985000000000000  0.292688723380471  0.000001000000000
0.986000000000000  0.292463678611368  0.000001000000000
0.987000000000000  0.292238691582481  0.000001000000000
0.988000000000000  0.292013762190228  0.000001000000000
0.989000000000000  0.291788890331187  0.000001000000000
0.990000000000000  0.291564075902101  0.000001000000000
0.991000000000000  0.291339318799876  0.000001000000000
0.992000000000000  0.291114618921578  0.000001000000000
0.993000000000000  0.290889976164435  0.000001000000000
0.994000000000000  0.290665390425839  0.000001000000000
0.995000000000000  0.290440861603339  0.000001000000000
0.996000000000000  0.290216389594649  0.000001000000000
0.997000000000000  0.289991974297639  0.000001000000000
0.998000000000000  0.289767615610343  0.000001000000000
0.999000000000000  0.289543313430954  0.000001000000000
