0.000000000000000  0.251203277613968  0.000001000000000
0.001000000000000  0.251269382839644  0.000001000000000
0.002000000000000  0.251335513812297  0.000001000000000
0.003000000000000  0.251401670548552  0.000001000000000
0.004000000000000  0.251467853065050  0.000001000000000
0.005000000000000  0.251534061378447  0.000001000000000
0.006000000000000  0.251600295505415  0.000001000000000
0.007000000000000  0.251666555462644  0.000001000000000
0.008000000000000  0.251732841266838  0.000001000000000
0.009000000000000  0.251799152934717  0.000001000000000
0.010000000000000  0.251865490483018  0.000001000000000
0.011000000000000  0.251931853928494  0.000001000000000
0.012000000000000  0.251998243287914  0.000001000000000
0.013000000000000  0.252064658578062  0.000001000000000
0.014000000000000  0.252131099815740  0.000001000000000
0.015000000000000  0.252197567017765  0.000001000000000
0.016000000000000  0.252264060200969  0.000001000000000
0.017000000000000  0.252330579382204  0.000001000000000
0.018000000000000  0.252397124578333  0.000001000000000
0.019000000000000  0.252463695806240  0.000001000000000
0.020000000000000  0.252530293082822  0.000001000000000
0.021000000000000  0.252596916424994  0.000001000000000
0.022000000000000  0.252663565849687  0.000001000000000
0.023000000000000  0.252730241373848  0.000001000000000
0.024000000000000  0.252796943014440  0.000001000000000
0.025000000000000  0.252863670788443  0.000001000000000
0.026000000000000  0.252930424712852  0.000001000000000
0.027000000000000  0.252997204804681  0.000001000000000
0.028000000000000  0.253064011080959  0.000001000000000
0.029000000000000  0.253130843558731  0.000001000000000
0.030000000000000  0.253197702255057  0.000001000000000
0.031000000000000  0.253264587187018  0.000001000000000
0.032000000000000  0.253331498371707  0.000001000000000
0.033000000000000  0.253398435826237  0.000001000000000
0.034000000000000  0.253465399567734  0.000001000000000
0.035000000000000  0.253532389613342  0.000001000000000
0.036000000000000  0.253599405980224  0.000001000000000
0.037000000000000  0.253666448685557  0.000001000000000
0.038000000000000  0.253733517746534  0.000001000000000
0.039000000000000  0.253800613180366  0.000001000000000
0.040000000000000  0.253867735004282  0.000001000000000
0.041000000000000  0.253934883235524  0.000001000000000
0.042000000000000  0.254002057891355  0.000001000000000
0.043000000000000  0.254069258989051  0.000001000000000
0.044000000000000  0.254136486545906  0.000001000000000
0.045000000000000  0.254203740579233  0.000001000000000
0.046000000000000  0.254271021106359  0.000001000000000
0.047000000000000  0.254338328144628  0.000001000000000
0.048000000000000  0.254405661711402  0.000001000000000
0.049000000000000  0.254473021824059  0.000001000000000
0.050000000000000  0.254540408499995  0.000001000000000
0.051000000000000  0.254607821756621  0.000001000000000
0.052000000000000  0.254675261611367  0.000001000000000
0.053000000000000  0.254742728081679  0.000001000000000
0.054000000000000  0.254810221185020  0.000001000000000
0.055000000000000  0.254877740938869  0.000001000000000
0.056000000000000  0.254945287360723  0.000001000000000
0.057000000000000  0.255012860468097  0.000001000000000
0.058000000000000  0.255080460278522  0.000001000000000
0.059000000000000  0.255148086809545  0.000001000000000
0.060000000000000  0.255215740078731  0.000001000000000
0.061000000000000  0.255283420103663  0.000001000000000
0.062000000000000  0.255351126901941  0.000001000000000
0.063000000000000  0.255418860491180  0.000001000000000
0.064000000000000  0.255486620889015  0.000001000000000
0.065000000000000  0.255554408113097  0.000001000000000
0.066000000000000  0.255622222181093  0.000001000000000
0.067000000000000  0.255690063110688  0.000001000000000
0.068000000000000  0.255757930919587  0.000001000000000
0.069000000000000  0.255825825625507  0.000001000000000
0.070000000000000  0.255893747246188  0.000001000000000
0.071000000000000  0.255961695799383  0.000001000000000
0.072000000000000  0.256029671302863  0.000001000000000
0.073000000000000  0.256097673774420  0.000001000000000
0.074000000000000  0.256165703231858  0.000001000000000
0.075000000000000  0.256233759693003  0.000001000000000
0.076000000000000  0.256301843175695  0.000001000000000
0.077000000000000  0.256369953697794  0.000001000000000
0.078000000000000  0.256438091277176  0.000001000000000
0.079000000000000  0.256506255931735  0.000001000000000
0.080000000000000  0.256574447679383  0.000001000000000
0.081000000000000  0.256642666538049  0.000001000000000
0.082000000000000  0.256710912525679  0.000001000000000
0.083000000000000  0.256779185660238  0.000001000000000
0.084000000000000  0.256847485959707  0.000001000000000
0.085000000000000  0.256915813442086  0.000001000000000
0.086000000000000  0.256984168125392  0.000001000000000
0.087000000000000  0.257052550027660  0.000001000000000
0.088000000000000  0.257120959166943  0.000001000000000
0.089000000000000  0.257189395561310  0.000001000000000
0.090000000000000  0.257257859228851  0.000001000000000
0.091000000000000  0.257326350187670  0.000001000000000
0.092000000000000  0.257394868455891  0.000001000000000
0.093000000000000  0.257463414051655  0.000001000000000
0.094000000000000  0.257531986993123  0.000001000000000
0.095000000000000  0.257600587298471  0.000001000000000
0.096000000000000  0.257669214985894  0.000001000000000
0.097000000000000  0.257737870073605  0.000001000000000
0.098000000000000  0.257806552579835  0.000001000000000
0.099000000000000  0.257875262522833  0.000001000000000
0.100000000000000  0.257943999920866  0.000001000000000
0.101000000000000  0.258012764792218  0.000001000000000
0.102000000000000  0.258081557155193  0.000001000000000
0.103000000000000  0.258150377028111  0.000001000000000
0.104000000000000  0.258219224429311  0.000001000000000
0.105000000000000  0.258288099377151  0.000001000000000
0.106000000000000  0.258357001890005  0.000001000000000
0.107000000000000  0.258425931986268  0.000001000000000
0.108000000000000  0.258494889684350  0.000001000000000
0.109000000000000  0.258563875002682  0.000001000000000
0.110000000000000  0.258632887959711  0.000001000000000
0.111000000000000  0.258701928573903  0.000001000000000
0.112000000000000  0.258770996863743  0.000001000000000
0.113000000000000  0.258840092847734  0.000001000000000
0.114000000000000  0.258909216544397  0.000001000000000
0.115000000000000  0.258978367972271  0.000001000000000
0.116000000000000  0.259047547149914  0.000001000000000
0.117000000000000  0.259116754095902  0.000001000000000
0.118000000000000  0.259185988828829  0.000001000000000
0.119000000000000  0.259255251367309  0.000001000000000
0.120000000000000  0.259324541729973  0.000001000000000
0.121000000000000  0.259393859935470  0.000001000000000
0.122000000000000  0.259463206002470  0.000001000000000
0.123000000000000  0.259532579949659  0.000001000000000
0.124000000000000  0.259601981795743  0.000001000000000
0.125000000000000  0.259671411559445  0.000001000000000
0.126000000000000  0.259740869259509  0.000001000000000
0.127000000000000  0.259810354914695  0.000001000000000
0.128000000000000  0.259879868543783  0.000001000000000
0.129000000000000  0.259949410165573  0.000001000000000
0.130000000000000  0.260018979798880  0.000001000000000
0.131000000000000  0.260088577462542  0.000001000000000
0.132000000000000  0.260158203175413  0.000001000000000
0.133000000000000  0.260227856956367  0.000001000000000
0.134000000000000  0.260297538824295  0.000001000000000
0.135000000000000  0.260367248798109  0.000001000000000
0.136000000000000  0.260436986896739  0.000001000000000
0.137000000000000  0.260506753139133  0.000001000000000
0.138000000000000  0.260576547544260  0.000001000000000
0.139000000000000  0.260646370131105  0.000001000000000
0.140000000000000  0.260716220918675  0.000001000000000
0.141000000000000  0.260786099925993  0.000001000000000
0.142000000000000  0.260856007172104  0.000001000000000
0.143000000000000  0.260925942676070  0.000001000000000
0.144000000000000  0.260995906456973  0.000001000000000
0.145000000000000  0.261065898533912  0.000001000000000
0.146000000000000  0.261135918926008  0.000001000000000
0.147000000000000  0.261205967652399  0.000001000000000
0.148000000000000  0.261276044732244  0.000001000000000
0.149000000000000  0.261346150184719  0.000001000000000
0.150000000000000  0.261416284029021  0.000001000000000
0.151000000000000  0.261486446284366  0.000001000000000
0.152000000000000  0.261556636969987  0.000001000000000
0.153000000000000  0.261626856105139  0.000001000000000
0.154000000000000  0.261697103709095  0.000001000000000
0.155000000000000  0.261767379801148  0.000001000000000
0.156000000000000  0.261837684400610  0.000001000000000
0.157000000000000  0.261908017526811  0.000001000000000
0.158000000000000  0.261978379199103  0.000001000000000
0.159000000000000  0.262048769436856  0.000001000000000
0.160000000000000  0.262119188259459  0.000001000000000
0.161000000000000  0.262189635686321  0.000001000000000
0.162000000000000  0.262260111736870  0.000001000000000
0.163000000000000  0.262330616430556  0.000001000000000
0.164000000000000  0.262401149786844  0.000001000000000
0.165000000000000  0.262471711825222  0.000001000000000
0.166000000000000  0.262542302565198  0.000001000000000
0.167000000000000  0.262612922026296  0.000001000000000
0.168000000000000  0.262683570228063  0.000001000000000
0.169000000000000  0.262754247190065  0.000001000000000
0.170000000000000  0.262824952931887  0.000001000000000
0.171000000000000  0.262895687473134  0.000001000000000
0.172000000000000  0.262966450833430  0.000001000000000
0.173000000000000  0.263037243032421  0.000001000000000
0.174000000000000  0.263108064089770  0.000001000000000
0.175000000000000  0.263178914025162  0.000001000000000
0.176000000000000  0.263249792858300  0.000001000000000
0.177000000000000  0.263320700608909  0.000001000000000
0.178000000000000  0.263391637296732  0.000001000000000
0.179000000000000  0.263462602941534  0.000001000000000
0.180000000000000  0.263533597563096  0.000001000000000
0.181000000000000  0.263604621181224  0.000001000000000
0.182000000000000  0.263675673815741  0.000001000000000
0.183000000000000  0.263746755486491  0.000001000000000
0.184000000000000  0.263817866213337  0.000001000000000
0.185000000000000  0.263889006016163  0.000001000000000
0.186000000000000  0.263960174914873  0.000001000000000
0.187000000000000  0.264031372929391  0.000001000000000
0.188000000000000  0.264102600079661  0.000001000000000
0.189000000000000  0.264173856385648  0.000001000000000
0.190000000000000  0.264245141867337  0.000001000000000
0.191000000000000  0.264316456544732  0.000001000000000
0.192000000000000  0.264387800437858  0.000001000000000
0.193000000000000  0.264459173566761  0.000001000000000
0.194000000000000  0.264530575951507  0.000001000000000
0.195000000000000  0.264602007612181  0.000001000000000
0.196000000000000  0.264673468568891  0.000001000000000
0.197000000000000  0.264744958841763  0.000001000000000
0.198000000000000  0.264816478450945  0.000001000000000
0.199000000000000  0.264888027416604  0.000001000000000
0.200000000000000  0.264959605758929  0.000001000000000
0.201000000000000  0.265031213498128  0.000001000000000
0.202000000000000  0.265102850654431  0.000001000000000
0.203000000000000  0.265174517248088  0.000001000000000
0.204000000000000  0.265246213299369  0.000001000000000
0.205000000000000  0.265317938828566  0.000001000000000
0.206000000000000  0.265389693855990  0.000001000000000
0.207000000000000  0.265461478401973  0.000001000000000
0.208000000000000  0.265533292486870  0.000001000000000
0.209000000000000  0.265605136131053  0.000001000000000
0.210000000000000  0.265677009354918  0.000001000000000
0.211000000000000  0.265748912178879  0.000001000000000
0.212000000000000  0.265820844623374  0.000001000000000
0.213000000000000  0.265892806708859  0.000001000000000
0.214000000000000  0.265964798455812  0.000001000000000
0.215000000000000  0.266036819884732  0.000001000000000
0.216000000000000  0.266108871016140  0.000001000000000
0.217000000000000  0.266180951870575  0.000001000000000
0.218000000000000  0.266253062468599  0.000001000000000
0.219000000000000  0.266325202830796  0.000001000000000
0.220000000000000  0.266397372977769  0.000001000000000
0.221000000000000  0.266469572930142  0.000001000000000
0.222000000000000  0.266541802708563  0.000001000000000
0.223000000000000  0.266614062333697  0.000001000000000
0.224000000000000  0.266686351826234  0.000001000000000
0.225000000000000  0.266758671206882  0.000001000000000
0.226000000000000  0.266831020496372  0.000001000000000
0.227000000000000  0.266903399715456  0.000001000000000
0.228000000000000  0.266975808884907  0.000001000000000
0.229000000000000  0.267048248025520  0.000001000000000
0.230000000000000  0.267120717158110  0.000001000000000
0.231000000000000  0.267193216303515  0.000001000000000
0.232000000000000  0.267265745482592  0.000001000000000
0.233000000000000  0.267338304716221  0.000001000000000
0.234000000000000  0.267410894025305  0.000001000000000
0.235000000000000  0.267483513430765  0.000001000000000
0.236000000000000  0.267556162953546  0.000001000000000
0.237000000000000  0.267628842614613  0.000001000000000
0.238000000000000  0.267701552434955  0.000001000000000
0.239000000000000  0.267774292435579  0.000001000000000
0.240000000000000  0.267847062637517  0.000001000000000
0.241000000000000  0.267919863061820  0.000001000000000
0.242000000000000  0.267992693729563  0.000001000000000
0.243000000000000  0.268065554661840  0.000001000000000
0.244000000000000  0.268138445879769  0.000001000000000
0.245000000000000  0.268211367404489  0.000001000000000
0.246000000000000  0.268284319257161  0.000001000000000
0.247000000000000  0.268357301458967  0.000001000000000
0.248000000000000  0.268430314031112  0.000001000000000
0.249000000000000  0.268503356994822  0.000001000000000
0.250000000000000  0.268576430371344  0.000001000000000
0.251000000000000  0.268649534181950  0.000001000000000
0.252000000000000  0.268722668447931  0.000001000000000
0.253000000000000  0.268795833190602  0.000001000000000
0.254000000000000  0.268869028431297  0.000001000000000
0.255000000000000  0.268942254191377  0.000001000000000
0.256000000000000  0.269015510492219  0.000001000000000
0.257000000000000  0.269088797355228  0.000001000000000
0.258000000000000  0.269162114801827  0.000001000000000
0.259000000000000  0.269235462853463  0.000001000000000
0.260000000000000  0.269308841531604  0.000001000000000
0.261000000000000  0.269382250857742  0.000001000000000
0.262000000000000  0.269455690853390  0.000001000000000
0.263000000000000  0.269529161540084  0.000001000000000
0.264000000000000  0.269602662939381  0.000001000000000
0.265000000000000  0.269676195072861  0.000001000000000
0.266000000000000  0.269749757962128  0.000001000000000
0.267000000000000  0.269823351628806  0.000001000000000
0.268000000000000  0.269896976094542  0.000001000000000
0.269000000000000  0.269970631381007  0.000001000000000
0.270000000000000  0.270044317509892  0.000001000000000
0.271000000000000  0.270118034502914  0.000001000000000
0.272000000000000  0.270191782381808  0.000001000000000
0.273000000000000  0.270265561168336  0.000001000000000
0.274000000000000  0.270339370884279  0.000001000000000
0.275000000000000  0.270413211551444  0.000001000000000
0.276000000000000  0.270487083191658  0.000001000000000
0.277000000000000  0.270560985826772  0.000001000000000
0.278000000000000  0.270634919478660  0.000001000000000
0.279000000000000  0.270708884169217  0.000001000000000
0.280000000000000  0.270782879920363  0.000001000000000
0.281000000000000  0.270856906754039  0.000001000000000
0.282000000000000  0.270930964692211  0.000001000000000
0.283000000000000  0.271005053756866  0.000001000000000
0.284000000000000  0.271079173970014  0.000001000000000
0.285000000000000  0.271153325353689  0.000001000000000
0.286000000000000  0.271227507929947  0.000001000000000
0.287000000000000  0.271301721720869  0.000001000000000
0.288000000000000  0.271375966748556  0.000001000000000
0.289000000000000  0.271450243035134  0.000001000000000
0.290000000000000  0.271524550602753  0.000001000000000
0.291000000000000  0.271598889473583  0.000001000000000
0.292000000000000  0.271673259669820  0.000001000000000
0.293000000000000  0.271747661213682  0.000001000000000
0.294000000000000  0.271822094127412  0.000001000000000
0.295000000000000  0.271896558433273  0.000001000000000
0.296000000000000  0.271971054153554  0.000001000000000
0.297000000000000  0.272045581310566  0.000001000000000
0.298000000000000  0.272120139926644  0.000001000000000
0.299000000000000  0.272194730024146  0.000001000000000
0.300000000000000  0.272269351625454  0.000001000000000
0.301000000000000  0.272344004752974  0.000001000000000
0.302000000000000  0.272418689429132  0.000001000000000
0.303000000000000  0.272493405676383  0.000001000000000
0.304000000000000  0.272568153517201  0.000001000000000
0.305000000000000  0.272642932974087  0.000001000000000
0.306000000000000  0.272717744069561  0.000001000000000
0.307000000000000  0.272792586826172  0.000001000000000
0.308000000000000  0.272867461266490  0.000001000000000
0.309000000000000  0.272942367413108  0.000001000000000
0.310000000000000  0.273017305288644  0.000001000000000
0.311000000000000  0.273092274915740  0.000001000000000
0.312000000000000  0.273167276317061  0.000001000000000
0.313000000000000  0.273242309515297  0.000001000000000
0.314000000000000  0.273317374533159  0.000001000000000
0.315000000000000  0.273392471393386  0.000001000000000
0.316000000000000  0.273467600118739  0.000001000000000
0.317000000000000  0.273542760732001  0.000001000000000
0.318000000000000  0.273617953255983  0.000001000000000
0.319000000000000  0.273693177713517  0.000001000000000
0.320000000000000  0.273768434127460  0.000001000000000
0.321000000000000  0.273843722520693  0.000001000000000
0.322000000000000  0.273919042916122  0.000001000000000
0.323000000000000  0.273994395336677  0.000001000000000
0.324000000000000  0.274069779805310  0.000001000000000
0.325000000000000  0.274145196345000  0.000001000000000
0.326000000000000  0.274220644978749  0.000001000000000
0.327000000000000  0.274296125729584  0.000001000000000
0.328000000000000  0.274371638620555  0.000001000000000
0.329000000000000  0.274447183674738  0.000001000000000
0.330000000000000  0.274522760915233  0.000001000000000
0.331000000000000  0.274598370365164  0.000001000000000
0.332000000000000  0.274674012047679  0.000001000000000
0.333000000000000  0.274749685985951  0.000001000000000
0.334000000000000  0.274825392203179  0.000001000000000
0.335000000000000  0.274901130722584  0.000001000000000
0.336000000000000  0.274976901567413  0.000001000000000
0.337000000000000  0.275052704760939  0.000001000000000
0.338000000000000  0.275128540326456  0.000001000000000
0.339000000000000  0.275204408287287  0.000001000000000
0.340000000000000  0.275280308666776  0.000001000000000
0.341000000000000  0.275356241488295  0.000001000000000
0.342000000000000  0.275432206775238  0.000001000000000
0.343000000000000  0.275508204551026  0.000001000000000
0.344000000000000  0.275584234839103  0.000001000000000
0.345000000000000  0.275660297662941  0.000001000000000
0.346000000000000  0.275736393046033  0.000001000000000
0.347000000000000  0.275812521011900  0.000001000000000
0.348000000000000  0.275888681584087  0.000001000000000
0.349000000000000  0.275964874786163  0.000001000000000
0.350000000000000  0.276041100641724  0.000001000000000
0.351000000000000  0.276117359174390  0.000001000000000
0.352000000000000  0.276193650407806  0.000001000000000
0.353000000000000  0.276269974365643  0.000001000000000
0.354000000000000  0.276346331071597  0.000001000000000
0.355000000000000  0.276422720549390  0.000001000000000
0.356000000000000  0.276499142822766  0.000001000000000
0.357000000000000  0.276575597915499  0.000001000000000
0.358000000000000  0.276652085851386  0.000001000000000
0.359000000000000  0.276728606654248  0.000001000000000
0.360000000000000  0.276805160347934  0.000001000000000
0.361000000000000  0.276881746956318  0.000001000000000
0.362000000000000  0.276958366503299  0.000001000000000
0.363000000000000  0.277035019012800  0.000001000000000
0.364000000000000  0.277111704508773  0.000001000000000
0.365000000000000  0.277188423015192  0.000001000000000
0.366000000000000  0.277265174556060  0.000001000000000
0.367000000000000  0.277341959155404  0.000001000000000
0.368000000000000  0.277418776837276  0.000001000000000
0.369000000000000  0.277495627625756  0.000001000000000
0.370000000000000  0.277572511544947  0.000001000000000
0.371000000000000  0.277649428618980  0.000001000000000
0.372000000000000  0.277726378872011  0.000001000000000
0.373000000000000  0.277803362328222  0.000001000000000
0.374000000000000  0.277880379011821  0.000001000000000
0.375000000000000  0.277957428947042  0.000001000000000
0.376000000000000  0.278034512158146  0.000001000000000
0.377000000000000  0.278111628669418  0.000001000000000
0.378000000000000  0.278188778505170  0.000001000000000
0.379000000000000  0.278265961689741  0.000001000000000
0.380000000000000  0.278343178247496  0.000001000000000
0.381000000000000  0.278420428202825  0.000001000000000
0.382000000000000  0.278497711580144  0.000001000000000
0.383000000000000  0.278575028403898  0.000001000000000
0.384000000000000  0.278652378698555  0.000001000000000
0.385000000000000  0.278729762488611  0.000001000000000
0.386000000000000  0.278807179798590  0.000001000000000
0.387000000000000  0.278884630653039  0.000001000000000
0.388000000000000  0.278962115076533  0.000001000000000
0.389000000000000  0.279039633093675  0.000001000000000
0.390000000000000  0.279117184729092  0.000001000000000
0.391000000000000  0.279194770007439  0.000001000000000
0.392000000000000  0.279272388953398  0.000001000000000
0.393000000000000  0.279350041591676  0.000001000000000
0.394000000000000  0.279427727947009  0.000001000000000
0.395000000000000  0.279505448044157  0.000001000000000
0.396000000000000  0.279583201907909  0.000001000000000
0.397000000000000  0.279660989563079  0.000001000000000
0.398000000000000  0.279738811034511  0.000001000000000
0.399000000000000  0.279816666347071  0.000001000000000
0.400000000000000  0.279894555525657  0.000001000000000
0.401000000000000  0.279972478595190  0.000001000000000
0.402000000000000  0.280050435580620  0.000001000000000
0.403000000000000  0.280128426506923  0.000001000000000
0.404000000000000  0.280206451399103  0.000001000000000
0.405000000000000  0.280284510282192  0.000001000000000
0.406000000000000  0.280362603181246  0.000001000000000
0.407000000000000  0.280440730121350  0.000001000000000
0.408000000000000  0.280518891127618  0.000001000000000
0.409000000000000  0.280597086225188  0.000001000000000
0.410000000000000  0.280675315439228  0.000001000000000
0.411000000000000  0.280753578794931  0.000001000000000
0.412000000000000  0.280831876317519  0.000001000000000
0.413000000000000  0.280910208032240  0.000001000000000
0.414000000000000  0.280988573964372  0.000001000000000
0.415000000000000  0.281066974139218  0.000001000000000
0.416000000000000  0.281145408582110  0.000001000000000
0.417000000000000  0.281223877318405  0.000001000000000
0.418000000000000  0.281302380373492  0.000001000000000
0.419000000000000  0.281380917772783  0.000001000000000
0.420000000000000  0.281459489541722  0.000001000000000
0.421000000000000  0.281538095705777  0.000001000000000
0.422000000000000  0.281616736290446  0.000001000000000
0.423000000000000  0.281695411321254  0.000001000000000
0.424000000000000  0.281774120823754  0.000001000000000
0.425000000000000  0.281852864823527  0.000001000000000
0.426000000000000  0.281931643346181  0.000001000000000
0.427000000000000  0.282010456417354  0.000001000000000
0.428000000000000  0.282089304062709  0.000001000000000
0.429000000000000  0.282168186307941  0.000001000000000
0.430000000000000  0.282247103178769  0.000001000000000
0.431000000000000  0.282326054700943  0.000001000000000
0.432000000000000  0.282405040900239  0.000001000000000
0.433000000000000  0.282484061802464  0.000001000000000
0.434000000000000  0.282563117433450  0.000001000000000
0.435000000000000  0.282642207819060  0.000001000000000
0.436000000000000  0.282721332985183  0.000001000000000
0.437000000000000  0.282800492957738  0.000001000000000
0.438000000000000  0.282879687762672  0.000001000000000
0.439000000000000  0.282958917425961  0.000001000000000
0.440000000000000  0.283038181973607  0.000001000000000
0.441000000000000  0.283117481431645  0.000001000000000
0.442000000000000  0.283196815826133  0.000001000000000
0.443000000000000  0.283276185183162  0.000001000000000
0.444000000000000  0.283355589528851  0.000001000000000
0.445000000000000  0.283435028889345  0.000001000000000
0.446000000000000  0.283514503290820  0.000001000000000
0.447000000000000  0.283594012759481  0.000001000000000
0.448000000000000  0.283673557321561  0.000001000000000
0.449000000000000  0.283753137003321  0.000001000000000
0.450000000000000  0.283832751831053  0.000001000000000
0.451000000000000  0.283912401831077  0.000001000000000
0.452000000000000  0.283992087029740  0.000001000000000
0.453000000000000  0.284071807453422  0.000001000000000
0.454000000000000  0.284151563128528  0.000001000000000
0.455000000000000  0.284231354081494  0.000001000000000
0.456000000000000  0.284311180338786  0.000001000000000
0.457000000000000  0.284391041926898  0.000001000000000
0.458000000000000  0.284470938872354  0.000001000000000
0.459000000000000  0.284550871201705  0.000001000000000
0.460000000000000  0.284630838941534  0.000001000000000
0.461000000000000  0.284710842118453  0.000001000000000
0.462000000000000  0.284790880759102  0.000001000000000
0.463000000000000  0.284870954890151  0.000001000000000
0.464000000000000  0.284951064538300  0.000001000000000
0.465000000000000  0.285031209730279  0.000001000000000
0.466000000000000  0.285111390492845  0.000001000000000
0.467000000000000  0.285191606852787  0.000001000000000
0.468000000000000  0.285271858836923  0.000001000000000
0.469000000000000  0.285352146472102  0.000001000000000
0.470000000000000  0.285432469785199  0.000001000000000
0.471000000000000  0.285512828803123  0.000001000000000
0.472000000000000  0.285593223552810  0.000001000000000
0.473000000000000  0.285673654061227  0.000001000000000
0.474000000000000  0.285754120355371  0.000001000000000
0.475000000000000  0.285834622462269  0.000001000000000
0.476000000000000  0.285915160408977  0.000001000000000
0.477000000000000  0.285995734222581  0.000001000000000
0.478000000000000  0.286076343930200  0.000001000000000
0.479000000000000  0.286156989558979  0.000001000000000
0.480000000000000  0.286237671136095  0.000001000000000
0.481000000000000  0.286318388688756  0.000001000000000
0.482000000000000  0.286399142244200  0.000001000000000
0.483000000000000  0.286479931829693  0.000001000000000
0.484000000000000  0.286560757472535  0.000001000000000
0.485000000000000  0.286641619200053  0.000001000000000
0.486000000000000  0.286722517039607  0.000001000000000
0.487000000000000  0.286803451018586  0.000001000000000
0.488000000000000  0.286884421164409  0.000001000000000
0.489000000000000  0.286965427504528  0.000001000000000
0.490000000000000  0.287046470066424  0.000001000000000
0.491000000000000  0.287127548877607  0.000001000000000
0.492000000000000  0.287208663965620  0.000001000000000
0.493000000000000  0.287289815358037  0.000001000000000
0.494000000000000  0.287371003082462  0.000001000000000
0.495000000000000  0.287452227166528  0.000001000000000
0.496000000000000  0.287533487637903  0.000001000000000
0.497000000000000  0.287614784524281  0.000001000000000
0.498000000000000  0.287696117853391  0.000001000000000
0.499000000000000  0.287777487652990  0.000001000000000
0.500000000000000  0.287858893950870  0.000001000000000
0.501000000000000  0.287940336774849  0.000001000000000
0.502000000000000  0.288021816152780  0.000001000000000
0.503000000000000  0.288103332112546  0.000001000000000
0.504000000000000  0.288184884682061  0.000001000000000
0.505000000000000  0.288266473889269  0.000001000000000
0.506000000000000  0.288348099762149  0.000001000000000
0.507000000000000  0.288429762328708  0.000001000000000
0.508000000000000  0.288511461616985  0.000001000000000
0.509000000000000  0.288593197655051  0.000001000000000
0.510000000000000  0.288674970471009  0.000001000000000
0.511000000000000  0.288756780092993  0.000001000000000
0.512000000000000  0.288838626549169  0.000001000000000
0.513000000000000  0.288920509867733  0.000001000000000
0.514000000000000  0.289002430076914  0.000001000000000
0.515000000000000  0.289084387204974  0.000001000000000
0.516000000000000  0.289166381280204  0.000001000000000
0.517000000000000  0.289248412330929  0.000001000000000
0.518000000000000  0.289330480385505  0.000001000000000
0.519000000000000  0.289412585472320  0.000001000000000
0.520000000000000  0.289494727619794  0.000001000000000
0.521000000000000  0.289576906856379  0.000001000000000
0.522000000000000  0.289659123210558  0.000001000000000
0.523000000000000  0.289741376710849  0.000001000000000
0.524000000000000  0.289823667385800  0.000001000000000
0.525000000000000  0.289905995263990  0.000001000000000
0.526000000000000  0.289988360374033  0.000001000000000
0.527000000000000  0.290070762744574  0.000001000000000
0.528000000000000  0.290153202404290  0.000001000000000
0.529000000000000  0.290235679381891  0.000001000000000
0.530000000000000  0.290318193706119  0.000001000000000
0.531000000000000  0.290400745405749  0.000001000000000
0.532000000000000  0.290483334509588  0.000001000000000
0.533000000000000  0.290565961046476  0.000001000000000
0.534000000000000  0.290648625045285  0.000001000000000
0.535000000000000  0.290731326534921  0.000001000000000
0.536000000000000  0.290814065544321  0.000001000000000
0.537000000000000  0.290896842102457  0.000001000000000
0.538000000000000  0.290979656238330  0.000001000000000
0.539000000000000  0.291062507980978  0.000001000000000
0.540000000000000  0.291145397359470  0.000001000000000
0.541000000000000  0.291228324402908  0.000001000000000
0.542000000000000  0.291311289140428  0.000001000000000
0.543000000000000  0.291394291601196  0.000001000000000
0.544000000000000  0.291477331814416  0.000001000000000
0.545000000000000  0.291560409809321  0.000001000000000
0.546000000000000  0.291643525615179  0.000001000000000
0.547000000000000  0.291726679261291  0.000001000000000
0.548000000000000  0.291809870776991  0.000001000000000
0.549000000000000  0.291893100191647  0.000001000000000
0.550000000000000  0.291976367534661  0.000001000000000
0.551000000000000  0.292059672835466  0.000001000000000
0.552000000000000  0.292143016123530  0.000001000000000
0.553000000000000  0.292226397428356  0.000001000000000
0.554000000000000  0.292309816779477  0.000001000000000
0.555000000000000  0.292393274206464  0.000001000000000
0.556000000000000  0.292476769738919  0.000001000000000
0.557000000000000  0.292560303406477  0.000001000000000
0.558000000000000  0.292643875238810  0.000001000000000
0.559000000000000  0.292727485265620  0.000001000000000
0.560000000000000  0.292811133516646  0.000001000000000
0.561000000000000  0.292894820021659  0.000001000000000
0.562000000000000  0.292978544810466  0.000001000000000
0.563000000000000  0.293062307912905  0.000001000000000
0.564000000000000  0.293146109358852  0.000001000000000
0.565000000000000  0.293229949178214  0.000001000000000
0.566000000000000  0.293313827400933  0.000001000000000
0.567000000000000  0.293397744056986  0.000001000000000
0.568000000000000  0.293481699176385  0.000001000000000
0.569000000000000  0.293565692789173  0.000001000000000
0.570000000000000  0.293649724925431  0.000001000000000
0.571000000000000  0.293733795615273  0.000001000000000
0.572000000000000  0.293817904888847  0.000001000000000
0.573000000000000  0.293902052776337  0.000001000000000
0.574000000000000  0.293986239307960  0.000001000000000
0.575000000000000  0.294070464513969  0.000001000000000
0.576000000000000  0.294154728424651  0.000001000000000
0.577000000000000  0.294239031070327  0.000001000000000
0.578000000000000  0.294323372481356  0.000001000000000
0.579000000000000  0.294407752688128  0.000001000000000
0.580000000000000  0.294492171721070  0.000001000000000
0.581000000000000  0.294576629610643  0.000001000000000
0.582000000000000  0.294661126387344  0.000001000000000
0.583000000000000  0.294745662081704  0.000001000000000
0.584000000000000  0.294830236724292  0.000001000000000
0.585000000000000  0.294914850345707  0.000001000000000
0.586000000000000  0.294999502976588  0.000001000000000
0.587000000000000  0.295084194647608  0.000001000000000
0.588000000000000  0.295168925389473  0.000001000000000
0.589000000000000  0.295253695232927  0.000001000000000
0.590000000000000  0.295338504208749  0.000001000000000
0.591000000000000  0.295423352347754  0.000001000000000
0.592000000000000  0.295508239680790  0.000001000000000
0.593000000000000  0.295593166238743  0.000001000000000
0.594000000000000  0.295678132052535  0.000001000000000
0.595000000000000  0.295763137153122  0.000001000000000
0.596000000000000  0.295848181571496  0.000001000000000
0.597000000000000  0.295933265338686  0.000001000000000
0.598000000000000  0.296018388485757  0.000001000000000
0.599000000000000  0.296103551043807  0.000001000000000
0.600000000000000  0.296188753043974  0.000001000000000
0.601000000000000  0.296273994517430  0.000001000000000
0.602000000000000  0.296359275495383  0.000001000000000
0.603000000000000  0.296444596009077  0.000001000000000
0.604000000000000  0.296529956089793  0.000001000000000
0.605000000000000  0.296615355768848  0.000001000000000
0.606000000000000  0.296700795077595  0.000001000000000
0.607000000000000  0.296786274047423  0.000001000000000
0.608000000000000  0.296871792709760  0.000001000000000
0.609000000000000  0.296957351096066  0.000001000000000
0.610000000000000  0.297042949237842  0.000001000000000
0.611000000000000  0.297128587166623  0.000001000000000
0.612000000000000  0.297214264913980  0.000001000000000
0.613000000000000  0.297299982511524  0.000001000000000
0.614000000000000  0.297385739990899  0.000001000000000
0.615000000000000  0.297471537383789  0.000001000000000
0.616000000000000  0.297557374721911  0.000001000000000
0.617000000000000  0.297643252037024  0.000001000000000
0.618000000000000  0.297729169360920  0.000001000000000
0.619000000000000  0.297815126725429  0.000001000000000
0.620000000000000  0.297901124162419  0.000001000000000
0.621000000000000  0.297987161703794  0.000001000000000
0.622000000000000  0.298073239381496  0.000001000000000
0.623000000000000  0.298159357227504  0.000001000000000
0.624000000000000  0.298245515273835  0.000001000000000
0.625000000000000  0.298331713552541  0.000001000000000
0.626000000000000  0.298417952095715  0.000001000000000
0.627000000000000  0.298504230935484  0.000001000000000
0.628000000000000  0.298590550104014  0.000001000000000
0.629000000000000  0.298676909633511  0.000001000000000
0.630000000000000  0.298763309556214  0.000001000000000
0.631000000000000  0.298849749904402  0.000001000000000
0.632000000000000  0.298936230710394  0.000001000000000
0.633000000000000  0.299022752006543  0.000001000000000
0.634000000000000  0.299109313825242  0.000001000000000
0.635000000000000  0.299195916198921  0.000001000000000
0.636000000000000  0.299282559160050  0.000001000000000
0.637000000000000  0.299369242741134  0.000001000000000
0.638000000000000  0.299455966974718  0.000001000000000
0.639000000000000  0.299542731893385  0.000001000000000
0.640000000000000  0.299629537529756  0.000001000000000
0.641000000000000  0.299716383916490  0.000001000000000
0.642000000000000  0.299803271086286  0.000001000000000
0.643000000000000  0.299890199071879  0.000001000000000
0.644000000000000  0.299977167906043  0.000001000000000
0.645000000000000  0.300064177621593  0.000001000000000
0.646000000000000  0.300151228251379  0.000001000000000
0.647000000000000  0.300238319828292  0.000001000000000
0.648000000000000  0.300325452385261  0.000001000000000
0.649000000000000  0.300412625955253  0.000001000000000
0.650000000000000  0.300499840571276  0.000001000000000
0.651000000000000  0.300587096266375  0.000001000000000
0.652000000000000  0.300674393073634  0.000001000000000
0.653000000000000  0.300761731026176  0.000001000000000
0.654000000000000  0.300849110157164  0.000001000000000
0.655000000000000  0.300936530499800  0.000001000000000
0.656000000000000  0.301023992087325  0.000001000000000
0.657000000000000  0.301111494953017  0.000001000000000
0.658000000000000  0.301199039130198  0.000001000000000
0.659000000000000  0.301286624652224  0.000001000000000
0.660000000000000  0.301374251552495  0.000001000000000
0.661000000000000  0.301461919864448  0.000001000000000
0.662000000000000  0.301549629621560  0.000001000000000
0.663000000000000  0.301637380857347  0.000001000000000
0.664000000000000  0.301725173605366  0.000001000000000
0.665000000000000  0.301813007899213  0.000001000000000
0.666000000000000  0.301900883772524  0.000001000000000
0.667000000000000  0.301988801258975  0.000001000000000
0.668000000000000  0.302076760392281  0.000001000000000
0.669000000000000  0.302164761206197  0.000001000000000
0.670000000000000  0.302252803734519  0.000001000000000
0.671000000000000  0.302340888011083  0.000001000000000
0.672000000000000  0.302429014069765  0.000001000000000
0.673000000000000  0.302517181944481  0.000001000000000
0.674000000000000  0.302605391669186  0.000001000000000
0.675000000000000  0.302693643277878  0.000001000000000
0.676000000000000  0.302781936804594  0.000001000000000
0.677000000000000  0.302870272283411  0.000001000000000
0.678000000000000  0.302958649748446  0.000001000000000
0.679000000000000  0.303047069233860  0.000001000000000
0.680000000000000  0.303135530773850  0.000001000000000
0.681000000000000  0.303224034402657  0.000001000000000
0.682000000000000  0.303312580154562  0.000001000000000
0.683000000000000  0.303401168063886  0.000001000000000
0.684000000000000  0.303489798164992  0.000001000000000
0.685000000000000  0.303578470492282  0.000001000000000
0.686000000000000  0.303667185080203  0.000001000000000
0.687000000000000  0.303755941963238  0.000001000000000
0.688000000000000  0.303844741175915  0.000001000000000
0.689000000000000  0.303933582752801  0.000001000000000
0.690000000000000  0.304022466728507  0.000001000000000
0.691000000000000  0.304111393137682  0.000001000000000
0.692000000000000  0.304200362015018  0.000001000000000
0.693000000000000  0.304289373395249  0.000001000000000
0.694000000000000  0.304378427313149  0.000001000000000
0.695000000000000  0.304467523803536  0.000001000000000
0.696000000000000  0.304556662901268  0.000001000000000
0.697000000000000  0.304645844641244  0.000001000000000
0.698000000000000  0.304735069058406  0.000001000000000
0.699000000000000  0.304824336187738  0.000001000000000
0.700000000000000  0.304913646064265  0.000001000000000
0.701000000000000  0.305002998723055  0.000001000000000
0.702000000000000  0.305092394199218  0.000001000000000
0.703000000000000  0.305181832527905  0.000001000000000
0.704000000000000  0.305271313744311  0.000001000000000
0.705000000000000  0.305360837883670  0.000001000000000
0.706000000000000  0.305450404981263  0.000001000000000
0.707000000000000  0.305540015072409  0.000001000000000
0.708000000000000  0.305629668192472  0.000001000000000
0.709000000000000  0.305719364376858  0.000001000000000
0.710000000000000  0.305809103661015  0.000001000000000
0.711000000000000  0.305898886080435  0.000001000000000
0.712000000000000  0.305988711670650  0.000001000000000
0.713000000000000  0.306078580467239  0.000001000000000
0.714000000000000  0.306168492505820  0.000001000000000
0.715000000000000  0.306258447822055  0.000001000000000
0.716000000000000  0.306348446451649  0.000001000000000
0.717000000000000  0.306438488430353  0.000001000000000
0.718000000000000  0.306528573793956  0.000001000000000
0.719000000000000  0.306618702578293  0.000001000000000
0.720000000000000  0.306708874819242  0.000001000000000
0.721000000000000  0.306799090552726  0.000001000000000
0.722000000000000  0.306889349814707  0.000001000000000
0.723000000000000  0.306979652641196  0.000001000000000
0.724000000000000  0.307069999068242  0.000001000000000
0.725000000000000  0.307160389131941  0.000001000000000
0.726000000000000  0.307250822868433  0.000001000000000
0.727000000000000  0.307341300313900  0.000001000000000
0.728000000000000  0.307431821504568  0.000001000000000
0.729000000000000  0.307522386476707  0.000001000000000
0.730000000000000  0.307612995266633  0.000001000000000
0.731000000000000  0.307703647910702  0.000001000000000
0.732000000000000  0.307794344445319  0.000001000000000
0.733000000000000  0.307885084906928  0.000001000000000
0.734000000000000  0.307975869332021  0.000001000000000
0.735000000000000  0.308066697757132  0.000001000000000
0.736000000000000  0.308157570218842  0.000001000000000
0.737000000000000  0.308248486753773  0.000001000000000
0.738000000000000  0.308339447398595  0.000001000000000
0.739000000000000  0.308430452190019  0.000001000000000
0.740000000000000  0.308521501164804  0.000001000000000
0.741000000000000  0.308612594359751  0.000001000000000
0.742000000000000  0.308703731811707  0.000001000000000
0.743000000000000  0.308794913557565  0.000001000000000
0.744000000000000  0.308886139634261  0.000001000000000
0.745000000000000  0.308977410078777  0.000001000000000
0.746000000000000  0.309068724928139  0.000001000000000
0.747000000000000  0.309160084219420  0.000001000000000
0.748000000000000  0.309251487989735  0.000001000000000
0.749000000000000  0.309342936276249  0.000001000000000
0.750000000000000  0.309434429116169  0.000001000000000
0.751000000000000  0.309525966546747  0.000001000000000
0.752000000000000  0.309617548605282  0.000001000000000
0.753000000000000  0.309709175329119  0.000001000000000
0.754000000000000  0.309800846755647  0.000001000000000
0.755000000000000  0.309892562922302  0.000001000000000
0.756000000000000  0.309984323866565  0.000001000000000
0.757000000000000  0.310076129625964  0.000001000000000
0.758000000000000  0.310167980238071  0.000001000000000
0.759000000000000  0.310259875740505  0.000001000000000
0.760000000000000  0.310351816170933  0.000001000000000
0.761000000000000  0.310443801567064  0.000001000000000
0.762000000000000  0.310535831966657  0.000001000000000
0.763000000000000  0.310627907407515  0.000001000000000
0.764000000000000  0.310720027927488  0.000001000000000
0.765000000000000  0.310812193564474  0.000001000000000
0.766000000000000  0.310904404356415  0.000001000000000
0.767000000000000  0.310996660341301  0.000001000000000
0.768000000000000  0.311088961557168  0.000001000000000
0.769000000000000  0.311181308042100  0.000001000000000
0.770000000000000  0.311273699834226  0.000001000000000
0.771000000000000  0.311366136971723  0.000001000000000
0.772000000000000  0.311458619492815  0.000001000000000
0.773000000000000  0.311551147435773  0.000001000000000
0.774000000000000  0.311643720838914  0.000001000000000
0.775000000000000  0.311736339740604  0.000001000000000
0.776000000000000  0.311829004179255  0.000001000000000
0.777000000000000  0.311921714193327  0.000001000000000
0.778000000000000  0.312014469821327  0.000001000000000
0.779000000000000  0.312107271101809  0.000001000000000
0.780000000000000  0.312200118073375  0.000001000000000
0.781000000000000  0.312293010774676  0.000001000000000
0.782000000000000  0.312385949244409  0.000001000000000
0.783000000000000  0.312478933521319  0.000001000000000
0.784000000000000  0.312571963644199  0.000001000000000
0.785000000000000  0.312665039651890  0.000001000000000
0.786000000000000  0.312758161583282  0.000001000000000
0.787000000000000  0.312851329477312  0.000001000000000
0.788000000000000  0.312944543372964  0.000001000000000
0.789000000000000  0.313037803309274  0.000001000000000
0.790000000000000  0.313131109325322  0.000001000000000
0.791000000000000  0.313224461460239  0.000001000000000
0.792000000000000  0.313317859753204  0.000001000000000
0.793000000000000  0.313411304243445  0.000001000000000
0.794000000000000  0.313504794970237  0.000001000000000
0.795000000000000  0.313598331972905  0.000001000000000
0.796000000000000  0.313691915290824  0.000001000000000
0.797000000000000  0.313785544963414  0.000001000000000
0.798000000000000  0.313879221030149  0.000001000000000
0.799000000000000  0.313972943530547  0.000001000000000
0.800000000000000  0.314066712504180  0.000001000000000
0.801000000000000  0.314160527990665  0.000001000000000
0.802000000000000  0.314254390029671  0.000001000000000
0.803000000000000  0.314348298660916  0.000001000000000
0.804000000000000  0.314442253924165  0.000001000000000
0.805000000000000  0.314536255859235  0.000001000000000
0.806000000000000  0.314630304505992  0.000001000000000
0.807000000000000  0.314724399904353  0.000001000000000
0.808000000000000  0.314818542094281  0.000001000000000
0.809000000000000  0.314912731115793  0.000001000000000
0.810000000000000  0.315006967008953  0.000001000000000
0.811000000000000  0.315101249813877  0.000001000000000
0.812000000000000  0.315195579570730  0.000001000000000
0.813000000000000  0.315289956319726  0.000001000000000
0.814000000000000  0.315384380101133  0.000001000000000
0.815000000000000  0.315478850955264  0.000001000000000
0.816000000000000  0.315573368922488  0.000001000000000
0.817000000000000  0.315667934043220  0.000001000000000
0.818000000000000  0.315762546357928  0.000001000000000
0.819000000000000  0.315857205907130  0.000001000000000
0.820000000000000  0.315951912731395  0.000001000000000
0.821000000000000  0.316046666871341  0.000001000000000
0.822000000000000  0.316141468367641  0.000001000000000
0.823000000000000  0.316236317261014  0.000001000000000
0.824000000000000  0.316331213592233  0.000001000000000
0.825000000000000  0.316426157402122  0.000001000000000
0.826000000000000  0.316521148731556  0.000001000000000
0.827000000000000  0.316616187621461  0.000001000000000
0.828000000000000  0.316711274112814  0.000001000000000
0.829000000000000  0.316806408246644  0.000001000000000
0.830000000000000  0.316901590064033  0.000001000000000
0.831000000000000  0.316996819606111  0.000001000000000
0.832000000000000  0.317092096914063  0.000001000000000
0.833000000000000  0.317187422029125  0.000001000000000
0.834000000000000  0.317282794992585  0.000001000000000
0.835000000000000  0.317378215845781  0.000001000000000
0.836000000000000  0.317473684630106  0.000001000000000
0.837000000000000  0.317569201387003  0.000001000000000
0.838000000000000  0.317664766157969  0.000001000000000
0.839000000000000  0.317760378984551  0.000001000000000
0.840000000000000  0.317856039908351  0.000001000000000
0.841000000000000  0.317951748971022  0.000001000000000
0.842000000000000  0.318047506214270  0.000001000000000
0.843000000000000  0.318143311679853  0.000001000000000
0.844000000000000  0.318239165409582  0.000001000000000
0.845000000000000  0.318335067445323  0.000001000000000
0.846000000000000  0.318431017828991  0.000001000000000
0.847000000000000  0.318527016602556  0.000001000000000
0.848000000000000  0.318623063808043  0.000001000000000
0.849000000000000  0.318719159487526  0.000001000000000
0.850000000000000  0.318815303683137  0.000001000000000
0.851000000000000  0.318911496437057  0.000001000000000
0.852000000000000  0.319007737791524  0.000001000000000
0.853000000000000  0.319104027788827  0.000001000000000
0.854000000000000  0.319200366471309  0.000001000000000
0.855000000000000  0.319296753881368  0.000001000000000
0.856000000000000  0.319393190061456  0.000001000000000
0.857000000000000  0.319489675054076  0.000001000000000
0.858000000000000  0.319586208901789  0.000001000000000
0.859000000000000  0.319682791647206  0.000001000000000
0.860000000000000  0.319779423332996  0.000001000000000
0.861000000000000  0.319876104001879  0.000001000000000
0.862000000000000  0.319972833696632  0.000001000000000
0.863000000000000  0.320069612460084  0.000001000000000
0.864000000000000  0.320166440335120  0.000001000000000
0.865000000000000  0.320263317364680  0.000001000000000
0.866000000000000  0.320360243591757  0.000001000000000
0.867000000000000  0.320457219059400  0.000001000000000
0.868000000000000  0.320554243810713  0.000001000000000
0.869000000000000  0.320651317888855  0.000001000000000
0.870000000000000  0.320748441337039  0.000001000000000
0.871000000000000  0.320845614198534  0.000001000000000
0.872000000000000  0.320942836516663  0.000001000000000
0.873000000000000  0.321040108334808  0.000001000000000
0.874000000000000  0.321137429696401  0.000001000000000
0.875000000000000  0.321234800644934  0.000001000000000
0.876000000000000  0.321332221223952  0.000001000000000
0.877000000000000  0.321429691477057  0.000001000000000
0.878000000000000  0.321527211447907  0.000001000000000
0.879000000000000  0.321624781180214  0.000001000000000
0.880000000000000  0.321722400717748  0.000001000000000
0.881000000000000  0.321820070104335  0.000001000000000
0.882000000000000  0.321917789383855  0.000001000000000
0.883000000000000  0.322015558600247  0.000001000000000
0.884000000000000  0.322113377797504  0.000001000000000
0.885000000000000  0.322211247019678  0.000001000000000
0.886000000000000  0.322309166310875  0.000001000000000
0.887000000000000  0.322407135715259  0.000001000000000
0.888000000000000  0.322505155277050  0.000001000000000
0.889000000000000  0.322603225040526  0.000001000000000
0.890000000000000  0.322701345050020  0.000001000000000
0.891000000000000  0.322799515349925  0.000001000000000
0.892000000000000  0.322897735984688  0.000001000000000
0.893000000000000  0.322996006998814  0.000001000000000
0.894000000000000  0.323094328436867  0.000001000000000
0.895000000000000  0.323192700343466  0.000001000000000
0.896000000000000  0.323291122763290  0.000001000000000
0.897000000000000  0.323389595741073  0.000001000000000
0.898000000000000  0.323488119321609  0.000001000000000
0.899000000000000  0.323586693549747  0.000001000000000
0.900000000000000  0.323685318470398  0.000001000000000
0.901000000000000  0.323783994128526  0.000001000000000
0.902000000000000  0.323882720569157  0.000001000000000
0.903000000000000  0.323981497837373  0.000001000000000
0.904000000000000  0.324080325978316  0.000001000000000
0.905000000000000  0.324179205037184  0.000001000000000
0.906000000000000  0.324278135059236  0.000001000000000
0.907000000000000  0.324377116089788  0.000001000000000
0.908000000000000  0.324476148174215  0.000001000000000
0.909000000000000  0.324575231357951  0.000001000000000
0.910000000000000  0.324674365686487  0.000001000000000
0.911000000000000  0.324773551205377  0.000001000000000
0.912000000000000  0.324872787960230  0.000001000000000
0.913000000000000  0.324972075996717  0.000001000000000
0.914000000000000  0.325071415360565  0.000001000000000
0.915000000000000  0.325170806097564  0.000001000000000
0.916000000000000  0.325270248253562  0.000001000000000
0.917000000000000  0.325369741874465  0.000001000000000
0.918000000000000  0.325469287006241  0.000001000000000
0.919000000000000  0.325568883694916  0.000001000000000
0.920000000000000  0.325668531986576  0.000001000000000
0.921000000000000  0.325768231927370  0.000001000000000
0.922000000000000  0.325867983563502  0.000001000000000
0.923000000000000  0.325967786941240  0.000001000000000
0.924000000000000  0.326067642106910  0.000001000000000
0.925000000000000  0.326167549106901  0.000001000000000
0.926000000000000  0.326267507987659  0.000001000000000
0.927000000000000  0.326367518795693  0.000001000000000
0.928000000000000  0.326467581577572  0.000001000000000
0.929000000000000  0.326567696379925  0.000001000000000
0.930000000000000  0.326667863249444  0.000001000000000
0.931000000000000  0.326768082232880  0.000001000000000
0.932000000000000  0.326868353377045  0.000001000000000
0.933000000000000  0.326968676728813  0.000001000000000
0.934000000000000  0.327069052335120  0.000001000000000
0.935000000000000  0.327169480242962  0.000001000000000
0.936000000000000  0.327269960499396  0.000001000000000
0.937000000000000  0.327370493151543  0.000001000000000
0.938000000000000  0.327471078246584  0.000001000000000
0.939000000000000  0.327571715831761  0.000001000000000
0.940000000000000  0.327672405954379  0.000001000000000
0.941000000000000  0.327773148661806  0.000001000000000
0.942000000000000  0.327873944001471  0.000001000000000
0.943000000000000  0.327974792020864  0.000001000000000
0.944000000000000  0.328075692767540  0.000001000000000
0.945000000000000  0.328176646289114  0.000001000000000
0.946000000000000  0.328277652633265  0.000001000000000
0.947000000000000  0.328378711847735  0.000001000000000
0.948000000000000  0.328479823980326  0.000001000000000
0.949000000000000  0.328580989078907  0.000001000000000
0.950000000000000  0.328682207191407  0.000001000000000
0.951000000000000  0.328783478365818  0.000001000000000
0.952000000000000  0.328884802650197  0.000001000000000
0.953000000000000  0.328986180092663  0.000001000000000
0.954000000000000  0.329087610741399  0.000001000000000
0.955000000000000  0.329189094644651  0.000001000000000
0.956000000000000  0.329290631850729  0.000001000000000
0.957000000000000  0.329392222408006  0.000001000000000
0.958000000000000  0.329493866364920  0.000001000000000
0.959000000000000  0.329595563769973  0.000001000000000
0.960000000000000  0.329697314671728  0.000001000000000
0.961000000000000  0.329799119118817  0.000001000000000
0.962000000000000  0.329900977159933  0.000001000000000
0.963000000000000  0.330002888843834  0.000001000000000
0.964000000000000  0.330104854219343  0.000001000000000
0.965000000000000  0.330206873335346  0.000001000000000
0.966000000000000  0.330308946240797  0.000001000000000
0.967000000000000  0.330411072984712  0.000001000000000
0.968000000000000  0.330513253616172  0.000001000000000
0.969000000000000  0.330615488184325  0.000001000000000
0.970000000000000  0.330717776738381  0.000001000000000
0.971000000000000  0.330820119327620  0.000001000000000
0.972000000000000  0.330922516001382  0.000001000000000
0.973000000000000  0.331024966809077  0.000001000000000
0.974000000000000  0.331127471800177  0.000001000000000
0.975000000000000  0.331230031024223  0.000001000000000
0.976000000000000  0.331332644530820  0.000001000000000
0.977000000000000  0.331435312369638  0.000001000000000
0.978000000000000  0.331538034590414  0.000001000000000
0.979000000000000  0.331640811242954  0.000001000000000
0.980000000000000  0.331743642377125  0.000001000000000
0.981000000000000  0.331846528042864  0.000001000000000
0.982000000000000  0.331949468290174  0.000001000000000
0.983000000000000  0.332052463169124  0.000001000000000
0.984000000000000  0.332155512729850  0.000001000000000
0.985000000000000  0.332258617022555  0.000001000000000
0.986000000000000  0.332361776097508  0.000001000000000
0.987000000000000  0.332464990005047  0.000001000000000
0.988000000000000  0.332568258795575  0.000001000000000
0.989000000000000  0.332671582519565  0.000001000000000
0.990000000000000  0.332774961227554  0.000001000000000
0.991000000000000  0.332878394970150  0.000001000000000
0.992000000000000  0.332981883798027  0.000001000000000
0.993000000000000  0.333085427761925  0.000001000000000
0.994000000000000  0.333189026912656  0.000001000000000
0.995000000000000  0.333292681301097  0.000001000000000
0.996000000000000  0.333396390978194  0.000001000000000
0.997000000000000  0.333500155994962  0.000001000000000
0.998000000000000  0.333603976402482  0.000001000000000
0.999000000000000  0.333707852251906  0.000001000000000
